model_name,turn,correct_answer,prompt,messages,response,model_answer,model_think,feedback,curr_answer
/mnt/ssd2/shreyansh/models/qwen3/grpo_vllm_rl_v2/checkpoint-40,1,chefs,"<|im_start|>system
### Game Rules:
- You have **6 tries** to guess a secret **5-letter** word.
- Each guess must be a valid **5-letter English word**.
- After each guess, you will receive feedback indicating how close your guess was.

### Feedback Format:
Each letter in your guess will receive one of three symbols:
1. ✓ : The letter is in the word and in the CORRECT position.
2. - : The letter is in the word but in the WRONG position.
3. x : The letter is NOT in the word.

### Example:
Secret Word: BRISK

Guess 1: STORM -> Feedback: S(-) T(x) O(x) R(-) M(x)
Guess 2: BRAVE -> Feedback: B(✓) R(✓) A(x) V(x) E(x)
Guess 3: BRISK -> Feedback: B(✓) R(✓) I(✓) S(✓) K(✓)

### Response Format:
Think through the problem and feedback step by step. Make sure to first add your step-by-step thought process within <think> </think> tags. Then, return your guessed word in the following format: <guess> guessed-word </guess>.
<|im_end|>
<|im_start|>user
Make your first 5-letter word guess.<|im_end|>
<|im_start|>assistant
","[{'role': 'system', 'content': '### Game Rules:\n- You have **6 tries** to guess a secret **5-letter** word.\n- Each guess must be a valid **5-letter English word**.\n- After each guess, you will receive feedback indicating how close your guess was.\n\n### Feedback Format:\nEach letter in your guess will receive one of three symbols:\n1. ✓ : The letter is in the word and in the CORRECT position.\n2. - : The letter is in the word but in the WRONG position.\n3. x : The letter is NOT in the word.\n\n### Example:\nSecret Word: BRISK\n\nGuess 1: STORM -> Feedback: S(-) T(x) O(x) R(-) M(x)\nGuess 2: BRAVE -> Feedback: B(✓) R(✓) A(x) V(x) E(x)\nGuess 3: BRISK -> Feedback: B(✓) R(✓) I(✓) S(✓) K(✓)\n\n### Response Format:\nThink through the problem and feedback step by step. Make sure to first add your step-by-step thought process within <think> </think> tags. Then, return your guessed word in the following format: <guess> guessed-word </guess>.\n'}, {'role': 'user', 'content': 'Make your first 5-letter word guess.'}]","<think>
For the first guess, I want to choose a word that contains common letters to maximize the information gained. The most frequent letters in English are E, A, R, I, O, T, N, S, L, C. A good strategy is to use a word with 5 distinct common letters. 

Some good starting words include:
- ARISE
- SLATE
- CRANE
- STARE
- AROSE

I'll choose ""ARISE"" as it contains A, R, I, S, E - five very common letters that appear in many 5-letter words. This should give us good coverage to identify which letters are in the secret word and their possible positions.
</think>

<guess>ARISE</guess>",ARISE,"For the first guess, I want to choose a word that contains common letters to maximize the information gained. The most frequent letters in English are E, A, R, I, O, T, N, S, L, C. A good strategy is to use a word with 5 distinct common letters. 

Some good starting words include:
- ARISE
- SLATE
- CRANE
- STARE
- AROSE

I'll choose ""ARISE"" as it contains A, R, I, S, E - five very common letters that appear in many 5-letter words. This should give us good coverage to identify which letters are in the secret word and their possible positions.",Guess 1: ARISE -> FEEDBACK: A(x) R(x) I(x) S(-) E(-),FAIL
/mnt/ssd2/shreyansh/models/qwen3/grpo_vllm_rl_v2/checkpoint-40,2,chefs,"<|im_start|>system
### Game Rules:
- You have **6 tries** to guess a secret **5-letter** word.
- Each guess must be a valid **5-letter English word**.
- After each guess, you will receive feedback indicating how close your guess was.

### Feedback Format:
Each letter in your guess will receive one of three symbols:
1. ✓ : The letter is in the word and in the CORRECT position.
2. - : The letter is in the word but in the WRONG position.
3. x : The letter is NOT in the word.

### Example:
Secret Word: BRISK

Guess 1: STORM -> Feedback: S(-) T(x) O(x) R(-) M(x)
Guess 2: BRAVE -> Feedback: B(✓) R(✓) A(x) V(x) E(x)
Guess 3: BRISK -> Feedback: B(✓) R(✓) I(✓) S(✓) K(✓)

### Response Format:
Think through the problem and feedback step by step. Make sure to first add your step-by-step thought process within <think> </think> tags. Then, return your guessed word in the following format: <guess> guessed-word </guess>.
<|im_end|>
<|im_start|>user
Make your first 5-letter word guess.<|im_end|>
<|im_start|>assistant
For the first guess, I want to choose a word that contains common letters to maximize the information gained. The most frequent letters in English are E, A, R, I, O, T, N, S, L, C. A good strategy is to use a word with 5 distinct common letters. 

Some good starting words include:
- ARISE
- SLATE
- CRANE
- STARE
- AROSE

I'll choose ""ARISE"" as it contains A, R, I, S, E - five very common letters that appear in many 5-letter words. This should give us good coverage to identify which letters are in the secret word and their possible positions.

<guess>ARISE</guess><|im_end|>
<|im_start|>user
Make a new 5-letter word guess.

Here is some previous feedback: 
Guess 1: ARISE -> FEEDBACK: A(x) R(x) I(x) S(-) E(-)
<|im_end|>
<|im_start|>assistant
","[{'role': 'system', 'content': '### Game Rules:\n- You have **6 tries** to guess a secret **5-letter** word.\n- Each guess must be a valid **5-letter English word**.\n- After each guess, you will receive feedback indicating how close your guess was.\n\n### Feedback Format:\nEach letter in your guess will receive one of three symbols:\n1. ✓ : The letter is in the word and in the CORRECT position.\n2. - : The letter is in the word but in the WRONG position.\n3. x : The letter is NOT in the word.\n\n### Example:\nSecret Word: BRISK\n\nGuess 1: STORM -> Feedback: S(-) T(x) O(x) R(-) M(x)\nGuess 2: BRAVE -> Feedback: B(✓) R(✓) A(x) V(x) E(x)\nGuess 3: BRISK -> Feedback: B(✓) R(✓) I(✓) S(✓) K(✓)\n\n### Response Format:\nThink through the problem and feedback step by step. Make sure to first add your step-by-step thought process within <think> </think> tags. Then, return your guessed word in the following format: <guess> guessed-word </guess>.\n'}, {'role': 'user', 'content': 'Make your first 5-letter word guess.'}, {'role': 'assistant', 'content': 'For the first guess, I want to choose a word that contains common letters to maximize the information gained. The most frequent letters in English are E, A, R, I, O, T, N, S, L, C. A good strategy is to use a word with 5 distinct common letters. \n\nSome good starting words include:\n- ARISE\n- SLATE\n- CRANE\n- STARE\n- AROSE\n\nI\'ll choose ""ARISE"" as it contains A, R, I, S, E - five very common letters that appear in many 5-letter words. This should give us good coverage to identify which letters are in the secret word and their possible positions.\n\n<guess>ARISE</guess>'}, {'role': 'user', 'content': 'Make a new 5-letter word guess.\n\nHere is some previous feedback: \nGuess 1: ARISE -> FEEDBACK: A(x) R(x) I(x) S(-) E(-)\n'}]","<think>
From the feedback on ARISE:
- A, R, I are NOT in the word (x)
- S and E are in the word but in the wrong positions (-)

So the secret word:
- Contains S and E
- Does NOT contain A, R, I
- S is NOT in position 4
- E is NOT in position 5

We now need a 5-letter word that:
1. Includes both S and E
2. Excludes A, R, I
3. Has S not in position 4
4. Has E not in position 5

Good remaining common letters to try next: T, N, L, O, C, D, U, M, P, etc.

Possible candidates:
- STONE (but has R excluded, so no)
- SLATE (but A is excluded)
- SHOVE (but A is excluded)
- STONE (but O and N are good)
- STOLE (but L and O are good)
- SPOKE (but P and K are good)
- STUMP (but U and M, P are good)

Let's try STONE - it has S, T, O, N, E. It excludes A, R, I. S is in position 1 (not 4), E is in position 5 (but feedback says E is not in position 5). So that's bad.

Let's try STOLE - S, T, O, L, E. Excludes A, R, I. S is position 1 (ok), E is position 5 (still bad).

Let's try SHOVE - S, H, O, V, E. Excludes A, R, I. S is position 1 (ok), E is position 5 (still bad).

We need E not in position 5. Let's try:
- SHENT (but N, T are good)
- SENTO (but O is good)
- STONE (already saw E in 5)
- STONE is bad.

Let's try:
- STOLE - E in 5 is bad
- STONE - E in 5 is bad
- SHOVE - E in 5 is bad

Alternative: move E earlier. Try:
- ESTON (but not a word)
- STONE (E at 5)
- STOLE (E at 5)
- SHONE (E at 5)

Hmm, many words put E at 5. Let's try:
- STONE - no
- STOLE - no
- SHOVE - no

Alternative: use E in position 2 or 3.

Try:
- TENSE (but N, S, E - S is 3, E is 4)
- TENSE: T, E, N, S, E. Has two E's, but E is allowed. S is 4 (but feedback says S is not 4). So no.

Try:
- SNEST (but not a word)
- SPOKE (but P, K - but E is 4, S is 1)
- SPOKE: S, P, O, K, E. S is 1 (ok), E is 5 (bad)

Try:
- STONE - E 5 (bad)
- STOLE - E 5 (bad)
- SHONE - E 5 (bad)

Alternative: use E in position 2 or 3.

Try:
- SWEET (but T is repeated, and E is 4)
- SWEET: S, W, E, E, T. S is 1 (ok), E is 3 and 4 (ok), but has two E's.

But we don't know about W yet. Let's try SWEET.

But maybe better to avoid double letters. Let's try:
- SLOPE (but P is ok)
- SLOPE: S, L, O, P, E. S is 1 (ok), E is 5 (bad)

Try:
- SLOPE - E 5 (bad)

Try:
- SLOTE (but not a word)
- SLOTE - not valid

Try:
- SPORE (but R is excluded)
- SPORE - R is excluded

Try:
- SLOPE - E 5 (bad)

Try:
- SLOTE - not a word

Alternative: use E in position 2 or 3.

Try:
- SPOKE - E 5 (bad)
- SLOPE - E 5 (bad)
- STONE - E 5 (bad)

Let's try:
- SPOKE - no
- SLOPE - no
- STONE - no

Alternative: use E in position 2.

Try:
- SENSE (but S is 1, E is 2, N is 3, S is 4 (bad), E is 5 (bad))
- SENSE - S in 4 is bad (from feedback S is not in 4)

Try:
- SENTE (but not a word)
- SENTO (but O is good)

Try:
- SENTO: S, E, N, T, O. S is 1 (ok), E is 2 (ok), N is 3, T is 4, O is 5. This excludes A, R, I. S is not in 4, E is not in 5. This seems valid.

SENTO is a valid word (relating to the sent or a plant genus). Let's go with SENTO.

But is SENTO a valid English word? Actually, SENTO is more of a loanword from Japanese, and may not be in standard Scrabble dictionaries. Let's find a better word.

Alternative: SENTE - but not a standard word.

Try:
- SPOKE - E 5 (bad)
- SLOPE - E 5 (bad)
- STONE - E 5 (bad)

Let's try:
- SPORE - R excluded
- SLOPE - E 5 (bad)

Alternative: use E in position 3.

Try:
- STONE - E 5 (bad)
- STOLE - E 5 (bad)

Try:
- SLOTE - not a word
- SPOTE - not a word

Alternative: use E in position 2.

Try:
- SWEPT (but P, T are ok)
- SWEPT: S, W, E, P, T. S is 1 (ok), E is 3 (ok), P is 4, T is 5. This excludes A, R, I. S is not in 4, E is not in 5. This seems valid.

SWEPT is a valid English word. Let's go with SWEPT.

But we haven't used W yet, and it's a new letter. This seems like a good choice.

<guess>SWEPT</guess>
</think>

<guess>SWEPT</guess>",SWEPT,"From the feedback on ARISE:
- A, R, I are NOT in the word (x)
- S and E are in the word but in the wrong positions (-)

So the secret word:
- Contains S and E
- Does NOT contain A, R, I
- S is NOT in position 4
- E is NOT in position 5

We now need a 5-letter word that:
1. Includes both S and E
2. Excludes A, R, I
3. Has S not in position 4
4. Has E not in position 5

Good remaining common letters to try next: T, N, L, O, C, D, U, M, P, etc.

Possible candidates:
- STONE (but has R excluded, so no)
- SLATE (but A is excluded)
- SHOVE (but A is excluded)
- STONE (but O and N are good)
- STOLE (but L and O are good)
- SPOKE (but P and K are good)
- STUMP (but U and M, P are good)

Let's try STONE - it has S, T, O, N, E. It excludes A, R, I. S is in position 1 (not 4), E is in position 5 (but feedback says E is not in position 5). So that's bad.

Let's try STOLE - S, T, O, L, E. Excludes A, R, I. S is position 1 (ok), E is position 5 (still bad).

Let's try SHOVE - S, H, O, V, E. Excludes A, R, I. S is position 1 (ok), E is position 5 (still bad).

We need E not in position 5. Let's try:
- SHENT (but N, T are good)
- SENTO (but O is good)
- STONE (already saw E in 5)
- STONE is bad.

Let's try:
- STOLE - E in 5 is bad
- STONE - E in 5 is bad
- SHOVE - E in 5 is bad

Alternative: move E earlier. Try:
- ESTON (but not a word)
- STONE (E at 5)
- STOLE (E at 5)
- SHONE (E at 5)

Hmm, many words put E at 5. Let's try:
- STONE - no
- STOLE - no
- SHOVE - no

Alternative: use E in position 2 or 3.

Try:
- TENSE (but N, S, E - S is 3, E is 4)
- TENSE: T, E, N, S, E. Has two E's, but E is allowed. S is 4 (but feedback says S is not 4). So no.

Try:
- SNEST (but not a word)
- SPOKE (but P, K - but E is 4, S is 1)
- SPOKE: S, P, O, K, E. S is 1 (ok), E is 5 (bad)

Try:
- STONE - E 5 (bad)
- STOLE - E 5 (bad)
- SHONE - E 5 (bad)

Alternative: use E in position 2 or 3.

Try:
- SWEET (but T is repeated, and E is 4)
- SWEET: S, W, E, E, T. S is 1 (ok), E is 3 and 4 (ok), but has two E's.

But we don't know about W yet. Let's try SWEET.

But maybe better to avoid double letters. Let's try:
- SLOPE (but P is ok)
- SLOPE: S, L, O, P, E. S is 1 (ok), E is 5 (bad)

Try:
- SLOPE - E 5 (bad)

Try:
- SLOTE (but not a word)
- SLOTE - not valid

Try:
- SPORE (but R is excluded)
- SPORE - R is excluded

Try:
- SLOPE - E 5 (bad)

Try:
- SLOTE - not a word

Alternative: use E in position 2 or 3.

Try:
- SPOKE - E 5 (bad)
- SLOPE - E 5 (bad)
- STONE - E 5 (bad)

Let's try:
- SPOKE - no
- SLOPE - no
- STONE - no

Alternative: use E in position 2.

Try:
- SENSE (but S is 1, E is 2, N is 3, S is 4 (bad), E is 5 (bad))
- SENSE - S in 4 is bad (from feedback S is not in 4)

Try:
- SENTE (but not a word)
- SENTO (but O is good)

Try:
- SENTO: S, E, N, T, O. S is 1 (ok), E is 2 (ok), N is 3, T is 4, O is 5. This excludes A, R, I. S is not in 4, E is not in 5. This seems valid.

SENTO is a valid word (relating to the sent or a plant genus). Let's go with SENTO.

But is SENTO a valid English word? Actually, SENTO is more of a loanword from Japanese, and may not be in standard Scrabble dictionaries. Let's find a better word.

Alternative: SENTE - but not a standard word.

Try:
- SPOKE - E 5 (bad)
- SLOPE - E 5 (bad)
- STONE - E 5 (bad)

Let's try:
- SPORE - R excluded
- SLOPE - E 5 (bad)

Alternative: use E in position 3.

Try:
- STONE - E 5 (bad)
- STOLE - E 5 (bad)

Try:
- SLOTE - not a word
- SPOTE - not a word

Alternative: use E in position 2.

Try:
- SWEPT (but P, T are ok)
- SWEPT: S, W, E, P, T. S is 1 (ok), E is 3 (ok), P is 4, T is 5. This excludes A, R, I. S is not in 4, E is not in 5. This seems valid.

SWEPT is a valid English word. Let's go with SWEPT.

But we haven't used W yet, and it's a new letter. This seems like a good choice.

<guess>SWEPT</guess>",Guess 2: SWEPT -> FEEDBACK: S(-) W(x) E(✓) P(x) T(x),FAIL
/mnt/ssd2/shreyansh/models/qwen3/grpo_vllm_rl_v2/checkpoint-40,3,chefs,"<|im_start|>system
### Game Rules:
- You have **6 tries** to guess a secret **5-letter** word.
- Each guess must be a valid **5-letter English word**.
- After each guess, you will receive feedback indicating how close your guess was.

### Feedback Format:
Each letter in your guess will receive one of three symbols:
1. ✓ : The letter is in the word and in the CORRECT position.
2. - : The letter is in the word but in the WRONG position.
3. x : The letter is NOT in the word.

### Example:
Secret Word: BRISK

Guess 1: STORM -> Feedback: S(-) T(x) O(x) R(-) M(x)
Guess 2: BRAVE -> Feedback: B(✓) R(✓) A(x) V(x) E(x)
Guess 3: BRISK -> Feedback: B(✓) R(✓) I(✓) S(✓) K(✓)

### Response Format:
Think through the problem and feedback step by step. Make sure to first add your step-by-step thought process within <think> </think> tags. Then, return your guessed word in the following format: <guess> guessed-word </guess>.
<|im_end|>
<|im_start|>user
Make your first 5-letter word guess.<|im_end|>
<|im_start|>assistant
For the first guess, I want to choose a word that contains common letters to maximize the information gained. The most frequent letters in English are E, A, R, I, O, T, N, S, L, C. A good strategy is to use a word with 5 distinct common letters. 

Some good starting words include:
- ARISE
- SLATE
- CRANE
- STARE
- AROSE

I'll choose ""ARISE"" as it contains A, R, I, S, E - five very common letters that appear in many 5-letter words. This should give us good coverage to identify which letters are in the secret word and their possible positions.

<guess>ARISE</guess><|im_end|>
<|im_start|>user
Make a new 5-letter word guess.

Here is some previous feedback: 
Guess 1: ARISE -> FEEDBACK: A(x) R(x) I(x) S(-) E(-)
<|im_end|>
<|im_start|>assistant
From the feedback on ARISE:
- A, R, I are NOT in the word (x)
- S and E are in the word but in the wrong positions (-)

So the secret word:
- Contains S and E
- Does NOT contain A, R, I
- S is NOT in position 4
- E is NOT in position 5

We now need a 5-letter word that:
1. Includes both S and E
2. Excludes A, R, I
3. Has S not in position 4
4. Has E not in position 5

Good remaining common letters to try next: T, N, L, O, C, D, U, M, P, etc.

Possible candidates:
- STONE (but has R excluded, so no)
- SLATE (but A is excluded)
- SHOVE (but A is excluded)
- STONE (but O and N are good)
- STOLE (but L and O are good)
- SPOKE (but P and K are good)
- STUMP (but U and M, P are good)

Let's try STONE - it has S, T, O, N, E. It excludes A, R, I. S is in position 1 (not 4), E is in position 5 (but feedback says E is not in position 5). So that's bad.

Let's try STOLE - S, T, O, L, E. Excludes A, R, I. S is position 1 (ok), E is position 5 (still bad).

Let's try SHOVE - S, H, O, V, E. Excludes A, R, I. S is position 1 (ok), E is position 5 (still bad).

We need E not in position 5. Let's try:
- SHENT (but N, T are good)
- SENTO (but O is good)
- STONE (already saw E in 5)
- STONE is bad.

Let's try:
- STOLE - E in 5 is bad
- STONE - E in 5 is bad
- SHOVE - E in 5 is bad

Alternative: move E earlier. Try:
- ESTON (but not a word)
- STONE (E at 5)
- STOLE (E at 5)
- SHONE (E at 5)

Hmm, many words put E at 5. Let's try:
- STONE - no
- STOLE - no
- SHOVE - no

Alternative: use E in position 2 or 3.

Try:
- TENSE (but N, S, E - S is 3, E is 4)
- TENSE: T, E, N, S, E. Has two E's, but E is allowed. S is 4 (but feedback says S is not 4). So no.

Try:
- SNEST (but not a word)
- SPOKE (but P, K - but E is 4, S is 1)
- SPOKE: S, P, O, K, E. S is 1 (ok), E is 5 (bad)

Try:
- STONE - E 5 (bad)
- STOLE - E 5 (bad)
- SHONE - E 5 (bad)

Alternative: use E in position 2 or 3.

Try:
- SWEET (but T is repeated, and E is 4)
- SWEET: S, W, E, E, T. S is 1 (ok), E is 3 and 4 (ok), but has two E's.

But we don't know about W yet. Let's try SWEET.

But maybe better to avoid double letters. Let's try:
- SLOPE (but P is ok)
- SLOPE: S, L, O, P, E. S is 1 (ok), E is 5 (bad)

Try:
- SLOPE - E 5 (bad)

Try:
- SLOTE (but not a word)
- SLOTE - not valid

Try:
- SPORE (but R is excluded)
- SPORE - R is excluded

Try:
- SLOPE - E 5 (bad)

Try:
- SLOTE - not a word

Alternative: use E in position 2 or 3.

Try:
- SPOKE - E 5 (bad)
- SLOPE - E 5 (bad)
- STONE - E 5 (bad)

Let's try:
- SPOKE - no
- SLOPE - no
- STONE - no

Alternative: use E in position 2.

Try:
- SENSE (but S is 1, E is 2, N is 3, S is 4 (bad), E is 5 (bad))
- SENSE - S in 4 is bad (from feedback S is not in 4)

Try:
- SENTE (but not a word)
- SENTO (but O is good)

Try:
- SENTO: S, E, N, T, O. S is 1 (ok), E is 2 (ok), N is 3, T is 4, O is 5. This excludes A, R, I. S is not in 4, E is not in 5. This seems valid.

SENTO is a valid word (relating to the sent or a plant genus). Let's go with SENTO.

But is SENTO a valid English word? Actually, SENTO is more of a loanword from Japanese, and may not be in standard Scrabble dictionaries. Let's find a better word.

Alternative: SENTE - but not a standard word.

Try:
- SPOKE - E 5 (bad)
- SLOPE - E 5 (bad)
- STONE - E 5 (bad)

Let's try:
- SPORE - R excluded
- SLOPE - E 5 (bad)

Alternative: use E in position 3.

Try:
- STONE - E 5 (bad)
- STOLE - E 5 (bad)

Try:
- SLOTE - not a word
- SPOTE - not a word

Alternative: use E in position 2.

Try:
- SWEPT (but P, T are ok)
- SWEPT: S, W, E, P, T. S is 1 (ok), E is 3 (ok), P is 4, T is 5. This excludes A, R, I. S is not in 4, E is not in 5. This seems valid.

SWEPT is a valid English word. Let's go with SWEPT.

But we haven't used W yet, and it's a new letter. This seems like a good choice.

<guess>SWEPT</guess>

<guess>SWEPT</guess><|im_end|>
<|im_start|>user
Make a new 5-letter word guess.

Here is some previous feedback: 
Guess 1: ARISE -> FEEDBACK: A(x) R(x) I(x) S(-) E(-)
Guess 2: SWEPT -> FEEDBACK: S(-) W(x) E(✓) P(x) T(x)
<|im_end|>
<|im_start|>assistant
","[{'role': 'system', 'content': '### Game Rules:\n- You have **6 tries** to guess a secret **5-letter** word.\n- Each guess must be a valid **5-letter English word**.\n- After each guess, you will receive feedback indicating how close your guess was.\n\n### Feedback Format:\nEach letter in your guess will receive one of three symbols:\n1. ✓ : The letter is in the word and in the CORRECT position.\n2. - : The letter is in the word but in the WRONG position.\n3. x : The letter is NOT in the word.\n\n### Example:\nSecret Word: BRISK\n\nGuess 1: STORM -> Feedback: S(-) T(x) O(x) R(-) M(x)\nGuess 2: BRAVE -> Feedback: B(✓) R(✓) A(x) V(x) E(x)\nGuess 3: BRISK -> Feedback: B(✓) R(✓) I(✓) S(✓) K(✓)\n\n### Response Format:\nThink through the problem and feedback step by step. Make sure to first add your step-by-step thought process within <think> </think> tags. Then, return your guessed word in the following format: <guess> guessed-word </guess>.\n'}, {'role': 'user', 'content': 'Make your first 5-letter word guess.'}, {'role': 'assistant', 'content': 'For the first guess, I want to choose a word that contains common letters to maximize the information gained. The most frequent letters in English are E, A, R, I, O, T, N, S, L, C. A good strategy is to use a word with 5 distinct common letters. \n\nSome good starting words include:\n- ARISE\n- SLATE\n- CRANE\n- STARE\n- AROSE\n\nI\'ll choose ""ARISE"" as it contains A, R, I, S, E - five very common letters that appear in many 5-letter words. This should give us good coverage to identify which letters are in the secret word and their possible positions.\n\n<guess>ARISE</guess>'}, {'role': 'user', 'content': 'Make a new 5-letter word guess.\n\nHere is some previous feedback: \nGuess 1: ARISE -> FEEDBACK: A(x) R(x) I(x) S(-) E(-)\n'}, {'role': 'assistant', 'content': ""From the feedback on ARISE:\n- A, R, I are NOT in the word (x)\n- S and E are in the word but in the wrong positions (-)\n\nSo the secret word:\n- Contains S and E\n- Does NOT contain A, R, I\n- S is NOT in position 4\n- E is NOT in position 5\n\nWe now need a 5-letter word that:\n1. Includes both S and E\n2. Excludes A, R, I\n3. Has S not in position 4\n4. Has E not in position 5\n\nGood remaining common letters to try next: T, N, L, O, C, D, U, M, P, etc.\n\nPossible candidates:\n- STONE (but has R excluded, so no)\n- SLATE (but A is excluded)\n- SHOVE (but A is excluded)\n- STONE (but O and N are good)\n- STOLE (but L and O are good)\n- SPOKE (but P and K are good)\n- STUMP (but U and M, P are good)\n\nLet's try STONE - it has S, T, O, N, E. It excludes A, R, I. S is in position 1 (not 4), E is in position 5 (but feedback says E is not in position 5). So that's bad.\n\nLet's try STOLE - S, T, O, L, E. Excludes A, R, I. S is position 1 (ok), E is position 5 (still bad).\n\nLet's try SHOVE - S, H, O, V, E. Excludes A, R, I. S is position 1 (ok), E is position 5 (still bad).\n\nWe need E not in position 5. Let's try:\n- SHENT (but N, T are good)\n- SENTO (but O is good)\n- STONE (already saw E in 5)\n- STONE is bad.\n\nLet's try:\n- STOLE - E in 5 is bad\n- STONE - E in 5 is bad\n- SHOVE - E in 5 is bad\n\nAlternative: move E earlier. Try:\n- ESTON (but not a word)\n- STONE (E at 5)\n- STOLE (E at 5)\n- SHONE (E at 5)\n\nHmm, many words put E at 5. Let's try:\n- STONE - no\n- STOLE - no\n- SHOVE - no\n\nAlternative: use E in position 2 or 3.\n\nTry:\n- TENSE (but N, S, E - S is 3, E is 4)\n- TENSE: T, E, N, S, E. Has two E's, but E is allowed. S is 4 (but feedback says S is not 4). So no.\n\nTry:\n- SNEST (but not a word)\n- SPOKE (but P, K - but E is 4, S is 1)\n- SPOKE: S, P, O, K, E. S is 1 (ok), E is 5 (bad)\n\nTry:\n- STONE - E 5 (bad)\n- STOLE - E 5 (bad)\n- SHONE - E 5 (bad)\n\nAlternative: use E in position 2 or 3.\n\nTry:\n- SWEET (but T is repeated, and E is 4)\n- SWEET: S, W, E, E, T. S is 1 (ok), E is 3 and 4 (ok), but has two E's.\n\nBut we don't know about W yet. Let's try SWEET.\n\nBut maybe better to avoid double letters. Let's try:\n- SLOPE (but P is ok)\n- SLOPE: S, L, O, P, E. S is 1 (ok), E is 5 (bad)\n\nTry:\n- SLOPE - E 5 (bad)\n\nTry:\n- SLOTE (but not a word)\n- SLOTE - not valid\n\nTry:\n- SPORE (but R is excluded)\n- SPORE - R is excluded\n\nTry:\n- SLOPE - E 5 (bad)\n\nTry:\n- SLOTE - not a word\n\nAlternative: use E in position 2 or 3.\n\nTry:\n- SPOKE - E 5 (bad)\n- SLOPE - E 5 (bad)\n- STONE - E 5 (bad)\n\nLet's try:\n- SPOKE - no\n- SLOPE - no\n- STONE - no\n\nAlternative: use E in position 2.\n\nTry:\n- SENSE (but S is 1, E is 2, N is 3, S is 4 (bad), E is 5 (bad))\n- SENSE - S in 4 is bad (from feedback S is not in 4)\n\nTry:\n- SENTE (but not a word)\n- SENTO (but O is good)\n\nTry:\n- SENTO: S, E, N, T, O. S is 1 (ok), E is 2 (ok), N is 3, T is 4, O is 5. This excludes A, R, I. S is not in 4, E is not in 5. This seems valid.\n\nSENTO is a valid word (relating to the sent or a plant genus). Let's go with SENTO.\n\nBut is SENTO a valid English word? Actually, SENTO is more of a loanword from Japanese, and may not be in standard Scrabble dictionaries. Let's find a better word.\n\nAlternative: SENTE - but not a standard word.\n\nTry:\n- SPOKE - E 5 (bad)\n- SLOPE - E 5 (bad)\n- STONE - E 5 (bad)\n\nLet's try:\n- SPORE - R excluded\n- SLOPE - E 5 (bad)\n\nAlternative: use E in position 3.\n\nTry:\n- STONE - E 5 (bad)\n- STOLE - E 5 (bad)\n\nTry:\n- SLOTE - not a word\n- SPOTE - not a word\n\nAlternative: use E in position 2.\n\nTry:\n- SWEPT (but P, T are ok)\n- SWEPT: S, W, E, P, T. S is 1 (ok), E is 3 (ok), P is 4, T is 5. This excludes A, R, I. S is not in 4, E is not in 5. This seems valid.\n\nSWEPT is a valid English word. Let's go with SWEPT.\n\nBut we haven't used W yet, and it's a new letter. This seems like a good choice.\n\n<guess>SWEPT</guess>\n\n<guess>SWEPT</guess>""}, {'role': 'user', 'content': 'Make a new 5-letter word guess.\n\nHere is some previous feedback: \nGuess 1: ARISE -> FEEDBACK: A(x) R(x) I(x) S(-) E(-)\nGuess 2: SWEPT -> FEEDBACK: S(-) W(x) E(✓) P(x) T(x)\n'}]","<think>
From the new feedback on SWEPT:
- S is in the word but NOT in position 1 (-)
- W is NOT in the word (x)
- E is in the word AND in the correct position 3 (✓)
- P is NOT in the word (x)
- T is NOT in the word (x)

So far we know:
1. Letters NOT in the word: A, R, I, W, P, T
2. Letters confirmed IN the word: S, E (with E fixed at position 3)
3. S is not in position 1 or 4 (from ARISE and SWEPT feedback)
4. E is in position 3 (✓)

We need a 5-letter word that:
- Has E in position 3
- Contains S somewhere (positions 2 or 5 since 1 and 4 are excluded)
- Does NOT contain A, R, I, W, P, T
- Uses remaining common letters: B, C, D, F, G, H, K, L, M, N, O, U, Y

Possible remaining letters: B, C, D, F, G, H, K, L, M, N, O, U, Y, S, E

Since E is fixed at position 3, the word structure is: _ _ E _ _

S must be in position 2 or 5.

Let's try position 2: _ S E _ _
We need two more letters from the allowed set, avoiding duplicates.

Possible candidates:
- BSE__ (but need valid words)
- CSE__ (but need valid words)
- DSE__ (but need valid words)
- FSE__ (but need valid words)
- GSE__ (but need valid words)
- HSE__ (but need valid words)
- KSE__ (but need valid words)
- LSE__ (but need valid words)
- MSE__ (but need valid words)
- NSE__ (but need valid words)
- OSE__ (but need valid words)
- US__E (but need valid words)
- YSE__ (but need valid words)

Looking for valid words:
- BESOM (but O is allowed, M is allowed)
- CEDER (but R is excluded)
- DENSE (but N is allowed, S is allowed)
- FUSED (but U is allowed, D is allowed)
- GESHE (but H is allowed)
- HESSE (but S is allowed)
- KESSE (but S is allowed)
- LESSE (but L is allowed)
- MENSE (but M is allowed)
- NESTS (but T is excluded)
- OESIS (but I is excluded)
- USENS (but N is allowed)
- YESSY (but Y is allowed)

Valid candidates:
- BESOM (B, E, S, O, M) - but S is in position 3, which is E's position - no
- DENSE (D, E, N, S, E) - but E is position 3, so this would be D E N S E - but E is position 2 and 5 - but we only have one E confirmed
- FUSED (F, U, S, E, D) - this has E in position 4, but we know E must be in position 3 - no
- HESSE (H, E, S, S, E) - E in position 2 and 5 - no
- KESSE - same issue
- LESSE - same issue
- MENSE - same issue
- NESTS - T is excluded
- OESIS - I is excluded
- USENS - N is allowed, but word is U S E N S - this has E in position 3, S in position 2 and 5 - but we only know S is in word once (since feedback was single S in ARISE)

Actually, the feedback only tells us about the presence of S and E, not the count. So multiple S's are possible.

But let's look for words with E in position 3 and S in position 2 or 5.

Looking at position 5:
_ _ E _ S
Possible letters: B, C, D, F, G, H, K, L, M, N, O, U, Y

Valid words:
- BONES (B, O, N, E, S) - but O is allowed, N is allowed, E is position 4 - no
- COMES (C, O, M, E, S) - E is position 4 - no
- DONGS (but G is allowed, S is position 5)
- FONDS (F, O, N, D, S) - E is missing
- GONDS - not a word
- HONDS - not a word
- KONDS - not a word
- LONDS - not a word
- MONGS - but M, O, N, G, S - E is missing
- NONE - but N, O, N, E - but E is position 4
- ONGES - not a word
- UNGES - not a word
- YONKS - but K is allowed, Y is allowed, N is allowed, but E is missing

This seems tricky. Let's try position 2:
_ S E _ _
Possible words:
- BESOM (B, E, S, O, M) - but E is position 2, not 3
- CEDER - R excluded
- DENSE (D, E, N, S, E) - E in position 2 and 5
- FUSED - E in position 4
- GESHE - E in position 2 and 5
- HESSE - E in position 2 and 5
- KESSE - same
- LESSE - same
- MENSE - same
- NESTS - T excluded
- OESIS - I excluded
- USENS - E in position 3, S in position 2 and 5
- YESSY - Y, E, S, S, Y - E in position 2

USENS seems closest:
U, S, E, N, S
- E is in position 3 (correct)
- S is in position 2 and 5 - but feedback only said S is in word, not how many times
- U, N are allowed
- No excluded letters

But is USENS a valid word? It's a variant of ""uses"" but not common.

Alternative: YESSY - but Y is allowed, E is position 2 - no

Alternative: look for words with E in position 3 and S in position 5:
_ _ E _ S
Possible:
- BONES - E in 4
- COMES - E in 4
- DONGS - E missing
- FONDS - E missing
- GONDS - E missing
- HONDS - E missing
- KONDS - E missing
- LONDS - E missing
- MONGS - E missing
- NONE - E in 4
- ONGES - not a word
- UNGES - not a word
- YONKS - E missing

This path seems hard. Let's try position 2 again with valid words:

Valid words with E in position 3 and S in position 2 or 5:
- BESOM - E in 2
- CEDER - R excluded
- DENSE - E in 2 and 5
- FUSED - E in 4
- GESHE - E in 2 and 5
- HESSE - E in 2 and 5
- KESSE - E in 2 and 5
- LESSE - E in 2 and 5
- MENSE - E in 2 and 5
- NESTS - T excluded
- OESIS - I excluded
- USENS - E in 3, S in 2 and 5
- YESSY - E in 2

USENS seems the closest, but let's verify:
USENS: U, S, E, N, S
- E is in position 3 (correct)
- S is in positions 2 and 5 - but feedback only confirmed S is in word, not ruling out duplicates
- U, N are allowed
- No excluded letters

This seems acceptable.

<guess>USENS</guess>
</think>

Based on the feedback:
- E is confirmed in position 3
- S is in the word but not in positions 1 or 4
- Excluded letters: A, R, I, W, P, T
- Remaining valid word: USENS (U, S, E, N, S)

<guess>USENS</guess>",USENS,"From the new feedback on SWEPT:
- S is in the word but NOT in position 1 (-)
- W is NOT in the word (x)
- E is in the word AND in the correct position 3 (✓)
- P is NOT in the word (x)
- T is NOT in the word (x)

So far we know:
1. Letters NOT in the word: A, R, I, W, P, T
2. Letters confirmed IN the word: S, E (with E fixed at position 3)
3. S is not in position 1 or 4 (from ARISE and SWEPT feedback)
4. E is in position 3 (✓)

We need a 5-letter word that:
- Has E in position 3
- Contains S somewhere (positions 2 or 5 since 1 and 4 are excluded)
- Does NOT contain A, R, I, W, P, T
- Uses remaining common letters: B, C, D, F, G, H, K, L, M, N, O, U, Y

Possible remaining letters: B, C, D, F, G, H, K, L, M, N, O, U, Y, S, E

Since E is fixed at position 3, the word structure is: _ _ E _ _

S must be in position 2 or 5.

Let's try position 2: _ S E _ _
We need two more letters from the allowed set, avoiding duplicates.

Possible candidates:
- BSE__ (but need valid words)
- CSE__ (but need valid words)
- DSE__ (but need valid words)
- FSE__ (but need valid words)
- GSE__ (but need valid words)
- HSE__ (but need valid words)
- KSE__ (but need valid words)
- LSE__ (but need valid words)
- MSE__ (but need valid words)
- NSE__ (but need valid words)
- OSE__ (but need valid words)
- US__E (but need valid words)
- YSE__ (but need valid words)

Looking for valid words:
- BESOM (but O is allowed, M is allowed)
- CEDER (but R is excluded)
- DENSE (but N is allowed, S is allowed)
- FUSED (but U is allowed, D is allowed)
- GESHE (but H is allowed)
- HESSE (but S is allowed)
- KESSE (but S is allowed)
- LESSE (but L is allowed)
- MENSE (but M is allowed)
- NESTS (but T is excluded)
- OESIS (but I is excluded)
- USENS (but N is allowed)
- YESSY (but Y is allowed)

Valid candidates:
- BESOM (B, E, S, O, M) - but S is in position 3, which is E's position - no
- DENSE (D, E, N, S, E) - but E is position 3, so this would be D E N S E - but E is position 2 and 5 - but we only have one E confirmed
- FUSED (F, U, S, E, D) - this has E in position 4, but we know E must be in position 3 - no
- HESSE (H, E, S, S, E) - E in position 2 and 5 - no
- KESSE - same issue
- LESSE - same issue
- MENSE - same issue
- NESTS - T is excluded
- OESIS - I is excluded
- USENS - N is allowed, but word is U S E N S - this has E in position 3, S in position 2 and 5 - but we only know S is in word once (since feedback was single S in ARISE)

Actually, the feedback only tells us about the presence of S and E, not the count. So multiple S's are possible.

But let's look for words with E in position 3 and S in position 2 or 5.

Looking at position 5:
_ _ E _ S
Possible letters: B, C, D, F, G, H, K, L, M, N, O, U, Y

Valid words:
- BONES (B, O, N, E, S) - but O is allowed, N is allowed, E is position 4 - no
- COMES (C, O, M, E, S) - E is position 4 - no
- DONGS (but G is allowed, S is position 5)
- FONDS (F, O, N, D, S) - E is missing
- GONDS - not a word
- HONDS - not a word
- KONDS - not a word
- LONDS - not a word
- MONGS - but M, O, N, G, S - E is missing
- NONE - but N, O, N, E - but E is position 4
- ONGES - not a word
- UNGES - not a word
- YONKS - but K is allowed, Y is allowed, N is allowed, but E is missing

This seems tricky. Let's try position 2:
_ S E _ _
Possible words:
- BESOM (B, E, S, O, M) - but E is position 2, not 3
- CEDER - R excluded
- DENSE (D, E, N, S, E) - E in position 2 and 5
- FUSED - E in position 4
- GESHE - E in position 2 and 5
- HESSE - E in position 2 and 5
- KESSE - same
- LESSE - same
- MENSE - same
- NESTS - T excluded
- OESIS - I excluded
- USENS - E in position 3, S in position 2 and 5
- YESSY - Y, E, S, S, Y - E in position 2

USENS seems closest:
U, S, E, N, S
- E is in position 3 (correct)
- S is in position 2 and 5 - but feedback only said S is in word, not how many times
- U, N are allowed
- No excluded letters

But is USENS a valid word? It's a variant of ""uses"" but not common.

Alternative: YESSY - but Y is allowed, E is position 2 - no

Alternative: look for words with E in position 3 and S in position 5:
_ _ E _ S
Possible:
- BONES - E in 4
- COMES - E in 4
- DONGS - E missing
- FONDS - E missing
- GONDS - E missing
- HONDS - E missing
- KONDS - E missing
- LONDS - E missing
- MONGS - E missing
- NONE - E in 4
- ONGES - not a word
- UNGES - not a word
- YONKS - E missing

This path seems hard. Let's try position 2 again with valid words:

Valid words with E in position 3 and S in position 2 or 5:
- BESOM - E in 2
- CEDER - R excluded
- DENSE - E in 2 and 5
- FUSED - E in 4
- GESHE - E in 2 and 5
- HESSE - E in 2 and 5
- KESSE - E in 2 and 5
- LESSE - E in 2 and 5
- MENSE - E in 2 and 5
- NESTS - T excluded
- OESIS - I excluded
- USENS - E in 3, S in 2 and 5
- YESSY - E in 2

USENS seems the closest, but let's verify:
USENS: U, S, E, N, S
- E is in position 3 (correct)
- S is in positions 2 and 5 - but feedback only confirmed S is in word, not ruling out duplicates
- U, N are allowed
- No excluded letters

This seems acceptable.

<guess>USENS</guess>Based on the feedback:
- E is confirmed in position 3
- S is in the word but not in positions 1 or 4
- Excluded letters: A, R, I, W, P, T
- Remaining valid word: USENS (U, S, E, N, S)",Guess 3: USENS -> FEEDBACK: U(x) S(-) E(✓) N(x) S(✓),FAIL
/mnt/ssd2/shreyansh/models/qwen3/grpo_vllm_rl_v2/checkpoint-40,4,chefs,"<|im_start|>system
### Game Rules:
- You have **6 tries** to guess a secret **5-letter** word.
- Each guess must be a valid **5-letter English word**.
- After each guess, you will receive feedback indicating how close your guess was.

### Feedback Format:
Each letter in your guess will receive one of three symbols:
1. ✓ : The letter is in the word and in the CORRECT position.
2. - : The letter is in the word but in the WRONG position.
3. x : The letter is NOT in the word.

### Example:
Secret Word: BRISK

Guess 1: STORM -> Feedback: S(-) T(x) O(x) R(-) M(x)
Guess 2: BRAVE -> Feedback: B(✓) R(✓) A(x) V(x) E(x)
Guess 3: BRISK -> Feedback: B(✓) R(✓) I(✓) S(✓) K(✓)

### Response Format:
Think through the problem and feedback step by step. Make sure to first add your step-by-step thought process within <think> </think> tags. Then, return your guessed word in the following format: <guess> guessed-word </guess>.
<|im_end|>
<|im_start|>user
Make your first 5-letter word guess.<|im_end|>
<|im_start|>assistant
For the first guess, I want to choose a word that contains common letters to maximize the information gained. The most frequent letters in English are E, A, R, I, O, T, N, S, L, C. A good strategy is to use a word with 5 distinct common letters. 

Some good starting words include:
- ARISE
- SLATE
- CRANE
- STARE
- AROSE

I'll choose ""ARISE"" as it contains A, R, I, S, E - five very common letters that appear in many 5-letter words. This should give us good coverage to identify which letters are in the secret word and their possible positions.

<guess>ARISE</guess><|im_end|>
<|im_start|>user
Make a new 5-letter word guess.

Here is some previous feedback: 
Guess 1: ARISE -> FEEDBACK: A(x) R(x) I(x) S(-) E(-)
<|im_end|>
<|im_start|>assistant
From the feedback on ARISE:
- A, R, I are NOT in the word (x)
- S and E are in the word but in the wrong positions (-)

So the secret word:
- Contains S and E
- Does NOT contain A, R, I
- S is NOT in position 4
- E is NOT in position 5

We now need a 5-letter word that:
1. Includes both S and E
2. Excludes A, R, I
3. Has S not in position 4
4. Has E not in position 5

Good remaining common letters to try next: T, N, L, O, C, D, U, M, P, etc.

Possible candidates:
- STONE (but has R excluded, so no)
- SLATE (but A is excluded)
- SHOVE (but A is excluded)
- STONE (but O and N are good)
- STOLE (but L and O are good)
- SPOKE (but P and K are good)
- STUMP (but U and M, P are good)

Let's try STONE - it has S, T, O, N, E. It excludes A, R, I. S is in position 1 (not 4), E is in position 5 (but feedback says E is not in position 5). So that's bad.

Let's try STOLE - S, T, O, L, E. Excludes A, R, I. S is position 1 (ok), E is position 5 (still bad).

Let's try SHOVE - S, H, O, V, E. Excludes A, R, I. S is position 1 (ok), E is position 5 (still bad).

We need E not in position 5. Let's try:
- SHENT (but N, T are good)
- SENTO (but O is good)
- STONE (already saw E in 5)
- STONE is bad.

Let's try:
- STOLE - E in 5 is bad
- STONE - E in 5 is bad
- SHOVE - E in 5 is bad

Alternative: move E earlier. Try:
- ESTON (but not a word)
- STONE (E at 5)
- STOLE (E at 5)
- SHONE (E at 5)

Hmm, many words put E at 5. Let's try:
- STONE - no
- STOLE - no
- SHOVE - no

Alternative: use E in position 2 or 3.

Try:
- TENSE (but N, S, E - S is 3, E is 4)
- TENSE: T, E, N, S, E. Has two E's, but E is allowed. S is 4 (but feedback says S is not 4). So no.

Try:
- SNEST (but not a word)
- SPOKE (but P, K - but E is 4, S is 1)
- SPOKE: S, P, O, K, E. S is 1 (ok), E is 5 (bad)

Try:
- STONE - E 5 (bad)
- STOLE - E 5 (bad)
- SHONE - E 5 (bad)

Alternative: use E in position 2 or 3.

Try:
- SWEET (but T is repeated, and E is 4)
- SWEET: S, W, E, E, T. S is 1 (ok), E is 3 and 4 (ok), but has two E's.

But we don't know about W yet. Let's try SWEET.

But maybe better to avoid double letters. Let's try:
- SLOPE (but P is ok)
- SLOPE: S, L, O, P, E. S is 1 (ok), E is 5 (bad)

Try:
- SLOPE - E 5 (bad)

Try:
- SLOTE (but not a word)
- SLOTE - not valid

Try:
- SPORE (but R is excluded)
- SPORE - R is excluded

Try:
- SLOPE - E 5 (bad)

Try:
- SLOTE - not a word

Alternative: use E in position 2 or 3.

Try:
- SPOKE - E 5 (bad)
- SLOPE - E 5 (bad)
- STONE - E 5 (bad)

Let's try:
- SPOKE - no
- SLOPE - no
- STONE - no

Alternative: use E in position 2.

Try:
- SENSE (but S is 1, E is 2, N is 3, S is 4 (bad), E is 5 (bad))
- SENSE - S in 4 is bad (from feedback S is not in 4)

Try:
- SENTE (but not a word)
- SENTO (but O is good)

Try:
- SENTO: S, E, N, T, O. S is 1 (ok), E is 2 (ok), N is 3, T is 4, O is 5. This excludes A, R, I. S is not in 4, E is not in 5. This seems valid.

SENTO is a valid word (relating to the sent or a plant genus). Let's go with SENTO.

But is SENTO a valid English word? Actually, SENTO is more of a loanword from Japanese, and may not be in standard Scrabble dictionaries. Let's find a better word.

Alternative: SENTE - but not a standard word.

Try:
- SPOKE - E 5 (bad)
- SLOPE - E 5 (bad)
- STONE - E 5 (bad)

Let's try:
- SPORE - R excluded
- SLOPE - E 5 (bad)

Alternative: use E in position 3.

Try:
- STONE - E 5 (bad)
- STOLE - E 5 (bad)

Try:
- SLOTE - not a word
- SPOTE - not a word

Alternative: use E in position 2.

Try:
- SWEPT (but P, T are ok)
- SWEPT: S, W, E, P, T. S is 1 (ok), E is 3 (ok), P is 4, T is 5. This excludes A, R, I. S is not in 4, E is not in 5. This seems valid.

SWEPT is a valid English word. Let's go with SWEPT.

But we haven't used W yet, and it's a new letter. This seems like a good choice.

<guess>SWEPT</guess>

<guess>SWEPT</guess><|im_end|>
<|im_start|>user
Make a new 5-letter word guess.

Here is some previous feedback: 
Guess 1: ARISE -> FEEDBACK: A(x) R(x) I(x) S(-) E(-)
Guess 2: SWEPT -> FEEDBACK: S(-) W(x) E(✓) P(x) T(x)
<|im_end|>
<|im_start|>assistant
From the new feedback on SWEPT:
- S is in the word but NOT in position 1 (-)
- W is NOT in the word (x)
- E is in the word AND in the correct position 3 (✓)
- P is NOT in the word (x)
- T is NOT in the word (x)

So far we know:
1. Letters NOT in the word: A, R, I, W, P, T
2. Letters confirmed IN the word: S, E (with E fixed at position 3)
3. S is not in position 1 or 4 (from ARISE and SWEPT feedback)
4. E is in position 3 (✓)

We need a 5-letter word that:
- Has E in position 3
- Contains S somewhere (positions 2 or 5 since 1 and 4 are excluded)
- Does NOT contain A, R, I, W, P, T
- Uses remaining common letters: B, C, D, F, G, H, K, L, M, N, O, U, Y

Possible remaining letters: B, C, D, F, G, H, K, L, M, N, O, U, Y, S, E

Since E is fixed at position 3, the word structure is: _ _ E _ _

S must be in position 2 or 5.

Let's try position 2: _ S E _ _
We need two more letters from the allowed set, avoiding duplicates.

Possible candidates:
- BSE__ (but need valid words)
- CSE__ (but need valid words)
- DSE__ (but need valid words)
- FSE__ (but need valid words)
- GSE__ (but need valid words)
- HSE__ (but need valid words)
- KSE__ (but need valid words)
- LSE__ (but need valid words)
- MSE__ (but need valid words)
- NSE__ (but need valid words)
- OSE__ (but need valid words)
- US__E (but need valid words)
- YSE__ (but need valid words)

Looking for valid words:
- BESOM (but O is allowed, M is allowed)
- CEDER (but R is excluded)
- DENSE (but N is allowed, S is allowed)
- FUSED (but U is allowed, D is allowed)
- GESHE (but H is allowed)
- HESSE (but S is allowed)
- KESSE (but S is allowed)
- LESSE (but L is allowed)
- MENSE (but M is allowed)
- NESTS (but T is excluded)
- OESIS (but I is excluded)
- USENS (but N is allowed)
- YESSY (but Y is allowed)

Valid candidates:
- BESOM (B, E, S, O, M) - but S is in position 3, which is E's position - no
- DENSE (D, E, N, S, E) - but E is position 3, so this would be D E N S E - but E is position 2 and 5 - but we only have one E confirmed
- FUSED (F, U, S, E, D) - this has E in position 4, but we know E must be in position 3 - no
- HESSE (H, E, S, S, E) - E in position 2 and 5 - no
- KESSE - same issue
- LESSE - same issue
- MENSE - same issue
- NESTS - T is excluded
- OESIS - I is excluded
- USENS - N is allowed, but word is U S E N S - this has E in position 3, S in position 2 and 5 - but we only know S is in word once (since feedback was single S in ARISE)

Actually, the feedback only tells us about the presence of S and E, not the count. So multiple S's are possible.

But let's look for words with E in position 3 and S in position 2 or 5.

Looking at position 5:
_ _ E _ S
Possible letters: B, C, D, F, G, H, K, L, M, N, O, U, Y

Valid words:
- BONES (B, O, N, E, S) - but O is allowed, N is allowed, E is position 4 - no
- COMES (C, O, M, E, S) - E is position 4 - no
- DONGS (but G is allowed, S is position 5)
- FONDS (F, O, N, D, S) - E is missing
- GONDS - not a word
- HONDS - not a word
- KONDS - not a word
- LONDS - not a word
- MONGS - but M, O, N, G, S - E is missing
- NONE - but N, O, N, E - but E is position 4
- ONGES - not a word
- UNGES - not a word
- YONKS - but K is allowed, Y is allowed, N is allowed, but E is missing

This seems tricky. Let's try position 2:
_ S E _ _
Possible words:
- BESOM (B, E, S, O, M) - but E is position 2, not 3
- CEDER - R excluded
- DENSE (D, E, N, S, E) - E in position 2 and 5
- FUSED - E in position 4
- GESHE - E in position 2 and 5
- HESSE - E in position 2 and 5
- KESSE - same
- LESSE - same
- MENSE - same
- NESTS - T excluded
- OESIS - I excluded
- USENS - E in position 3, S in position 2 and 5
- YESSY - Y, E, S, S, Y - E in position 2

USENS seems closest:
U, S, E, N, S
- E is in position 3 (correct)
- S is in position 2 and 5 - but feedback only said S is in word, not how many times
- U, N are allowed
- No excluded letters

But is USENS a valid word? It's a variant of ""uses"" but not common.

Alternative: YESSY - but Y is allowed, E is position 2 - no

Alternative: look for words with E in position 3 and S in position 5:
_ _ E _ S
Possible:
- BONES - E in 4
- COMES - E in 4
- DONGS - E missing
- FONDS - E missing
- GONDS - E missing
- HONDS - E missing
- KONDS - E missing
- LONDS - E missing
- MONGS - E missing
- NONE - E in 4
- ONGES - not a word
- UNGES - not a word
- YONKS - E missing

This path seems hard. Let's try position 2 again with valid words:

Valid words with E in position 3 and S in position 2 or 5:
- BESOM - E in 2
- CEDER - R excluded
- DENSE - E in 2 and 5
- FUSED - E in 4
- GESHE - E in 2 and 5
- HESSE - E in 2 and 5
- KESSE - E in 2 and 5
- LESSE - E in 2 and 5
- MENSE - E in 2 and 5
- NESTS - T excluded
- OESIS - I excluded
- USENS - E in 3, S in 2 and 5
- YESSY - E in 2

USENS seems the closest, but let's verify:
USENS: U, S, E, N, S
- E is in position 3 (correct)
- S is in positions 2 and 5 - but feedback only confirmed S is in word, not ruling out duplicates
- U, N are allowed
- No excluded letters

This seems acceptable.

<guess>USENS</guess>Based on the feedback:
- E is confirmed in position 3
- S is in the word but not in positions 1 or 4
- Excluded letters: A, R, I, W, P, T
- Remaining valid word: USENS (U, S, E, N, S)

<guess>USENS</guess><|im_end|>
<|im_start|>user
Make a new 5-letter word guess.

Here is some previous feedback: 
Guess 1: ARISE -> FEEDBACK: A(x) R(x) I(x) S(-) E(-)
Guess 2: SWEPT -> FEEDBACK: S(-) W(x) E(✓) P(x) T(x)
Guess 3: USENS -> FEEDBACK: U(x) S(-) E(✓) N(x) S(✓)
<|im_end|>
<|im_start|>assistant
","[{'role': 'system', 'content': '### Game Rules:\n- You have **6 tries** to guess a secret **5-letter** word.\n- Each guess must be a valid **5-letter English word**.\n- After each guess, you will receive feedback indicating how close your guess was.\n\n### Feedback Format:\nEach letter in your guess will receive one of three symbols:\n1. ✓ : The letter is in the word and in the CORRECT position.\n2. - : The letter is in the word but in the WRONG position.\n3. x : The letter is NOT in the word.\n\n### Example:\nSecret Word: BRISK\n\nGuess 1: STORM -> Feedback: S(-) T(x) O(x) R(-) M(x)\nGuess 2: BRAVE -> Feedback: B(✓) R(✓) A(x) V(x) E(x)\nGuess 3: BRISK -> Feedback: B(✓) R(✓) I(✓) S(✓) K(✓)\n\n### Response Format:\nThink through the problem and feedback step by step. Make sure to first add your step-by-step thought process within <think> </think> tags. Then, return your guessed word in the following format: <guess> guessed-word </guess>.\n'}, {'role': 'user', 'content': 'Make your first 5-letter word guess.'}, {'role': 'assistant', 'content': 'For the first guess, I want to choose a word that contains common letters to maximize the information gained. The most frequent letters in English are E, A, R, I, O, T, N, S, L, C. A good strategy is to use a word with 5 distinct common letters. \n\nSome good starting words include:\n- ARISE\n- SLATE\n- CRANE\n- STARE\n- AROSE\n\nI\'ll choose ""ARISE"" as it contains A, R, I, S, E - five very common letters that appear in many 5-letter words. This should give us good coverage to identify which letters are in the secret word and their possible positions.\n\n<guess>ARISE</guess>'}, {'role': 'user', 'content': 'Make a new 5-letter word guess.\n\nHere is some previous feedback: \nGuess 1: ARISE -> FEEDBACK: A(x) R(x) I(x) S(-) E(-)\n'}, {'role': 'assistant', 'content': ""From the feedback on ARISE:\n- A, R, I are NOT in the word (x)\n- S and E are in the word but in the wrong positions (-)\n\nSo the secret word:\n- Contains S and E\n- Does NOT contain A, R, I\n- S is NOT in position 4\n- E is NOT in position 5\n\nWe now need a 5-letter word that:\n1. Includes both S and E\n2. Excludes A, R, I\n3. Has S not in position 4\n4. Has E not in position 5\n\nGood remaining common letters to try next: T, N, L, O, C, D, U, M, P, etc.\n\nPossible candidates:\n- STONE (but has R excluded, so no)\n- SLATE (but A is excluded)\n- SHOVE (but A is excluded)\n- STONE (but O and N are good)\n- STOLE (but L and O are good)\n- SPOKE (but P and K are good)\n- STUMP (but U and M, P are good)\n\nLet's try STONE - it has S, T, O, N, E. It excludes A, R, I. S is in position 1 (not 4), E is in position 5 (but feedback says E is not in position 5). So that's bad.\n\nLet's try STOLE - S, T, O, L, E. Excludes A, R, I. S is position 1 (ok), E is position 5 (still bad).\n\nLet's try SHOVE - S, H, O, V, E. Excludes A, R, I. S is position 1 (ok), E is position 5 (still bad).\n\nWe need E not in position 5. Let's try:\n- SHENT (but N, T are good)\n- SENTO (but O is good)\n- STONE (already saw E in 5)\n- STONE is bad.\n\nLet's try:\n- STOLE - E in 5 is bad\n- STONE - E in 5 is bad\n- SHOVE - E in 5 is bad\n\nAlternative: move E earlier. Try:\n- ESTON (but not a word)\n- STONE (E at 5)\n- STOLE (E at 5)\n- SHONE (E at 5)\n\nHmm, many words put E at 5. Let's try:\n- STONE - no\n- STOLE - no\n- SHOVE - no\n\nAlternative: use E in position 2 or 3.\n\nTry:\n- TENSE (but N, S, E - S is 3, E is 4)\n- TENSE: T, E, N, S, E. Has two E's, but E is allowed. S is 4 (but feedback says S is not 4). So no.\n\nTry:\n- SNEST (but not a word)\n- SPOKE (but P, K - but E is 4, S is 1)\n- SPOKE: S, P, O, K, E. S is 1 (ok), E is 5 (bad)\n\nTry:\n- STONE - E 5 (bad)\n- STOLE - E 5 (bad)\n- SHONE - E 5 (bad)\n\nAlternative: use E in position 2 or 3.\n\nTry:\n- SWEET (but T is repeated, and E is 4)\n- SWEET: S, W, E, E, T. S is 1 (ok), E is 3 and 4 (ok), but has two E's.\n\nBut we don't know about W yet. Let's try SWEET.\n\nBut maybe better to avoid double letters. Let's try:\n- SLOPE (but P is ok)\n- SLOPE: S, L, O, P, E. S is 1 (ok), E is 5 (bad)\n\nTry:\n- SLOPE - E 5 (bad)\n\nTry:\n- SLOTE (but not a word)\n- SLOTE - not valid\n\nTry:\n- SPORE (but R is excluded)\n- SPORE - R is excluded\n\nTry:\n- SLOPE - E 5 (bad)\n\nTry:\n- SLOTE - not a word\n\nAlternative: use E in position 2 or 3.\n\nTry:\n- SPOKE - E 5 (bad)\n- SLOPE - E 5 (bad)\n- STONE - E 5 (bad)\n\nLet's try:\n- SPOKE - no\n- SLOPE - no\n- STONE - no\n\nAlternative: use E in position 2.\n\nTry:\n- SENSE (but S is 1, E is 2, N is 3, S is 4 (bad), E is 5 (bad))\n- SENSE - S in 4 is bad (from feedback S is not in 4)\n\nTry:\n- SENTE (but not a word)\n- SENTO (but O is good)\n\nTry:\n- SENTO: S, E, N, T, O. S is 1 (ok), E is 2 (ok), N is 3, T is 4, O is 5. This excludes A, R, I. S is not in 4, E is not in 5. This seems valid.\n\nSENTO is a valid word (relating to the sent or a plant genus). Let's go with SENTO.\n\nBut is SENTO a valid English word? Actually, SENTO is more of a loanword from Japanese, and may not be in standard Scrabble dictionaries. Let's find a better word.\n\nAlternative: SENTE - but not a standard word.\n\nTry:\n- SPOKE - E 5 (bad)\n- SLOPE - E 5 (bad)\n- STONE - E 5 (bad)\n\nLet's try:\n- SPORE - R excluded\n- SLOPE - E 5 (bad)\n\nAlternative: use E in position 3.\n\nTry:\n- STONE - E 5 (bad)\n- STOLE - E 5 (bad)\n\nTry:\n- SLOTE - not a word\n- SPOTE - not a word\n\nAlternative: use E in position 2.\n\nTry:\n- SWEPT (but P, T are ok)\n- SWEPT: S, W, E, P, T. S is 1 (ok), E is 3 (ok), P is 4, T is 5. This excludes A, R, I. S is not in 4, E is not in 5. This seems valid.\n\nSWEPT is a valid English word. Let's go with SWEPT.\n\nBut we haven't used W yet, and it's a new letter. This seems like a good choice.\n\n<guess>SWEPT</guess>\n\n<guess>SWEPT</guess>""}, {'role': 'user', 'content': 'Make a new 5-letter word guess.\n\nHere is some previous feedback: \nGuess 1: ARISE -> FEEDBACK: A(x) R(x) I(x) S(-) E(-)\nGuess 2: SWEPT -> FEEDBACK: S(-) W(x) E(✓) P(x) T(x)\n'}, {'role': 'assistant', 'content': 'From the new feedback on SWEPT:\n- S is in the word but NOT in position 1 (-)\n- W is NOT in the word (x)\n- E is in the word AND in the correct position 3 (✓)\n- P is NOT in the word (x)\n- T is NOT in the word (x)\n\nSo far we know:\n1. Letters NOT in the word: A, R, I, W, P, T\n2. Letters confirmed IN the word: S, E (with E fixed at position 3)\n3. S is not in position 1 or 4 (from ARISE and SWEPT feedback)\n4. E is in position 3 (✓)\n\nWe need a 5-letter word that:\n- Has E in position 3\n- Contains S somewhere (positions 2 or 5 since 1 and 4 are excluded)\n- Does NOT contain A, R, I, W, P, T\n- Uses remaining common letters: B, C, D, F, G, H, K, L, M, N, O, U, Y\n\nPossible remaining letters: B, C, D, F, G, H, K, L, M, N, O, U, Y, S, E\n\nSince E is fixed at position 3, the word structure is: _ _ E _ _\n\nS must be in position 2 or 5.\n\nLet\'s try position 2: _ S E _ _\nWe need two more letters from the allowed set, avoiding duplicates.\n\nPossible candidates:\n- BSE__ (but need valid words)\n- CSE__ (but need valid words)\n- DSE__ (but need valid words)\n- FSE__ (but need valid words)\n- GSE__ (but need valid words)\n- HSE__ (but need valid words)\n- KSE__ (but need valid words)\n- LSE__ (but need valid words)\n- MSE__ (but need valid words)\n- NSE__ (but need valid words)\n- OSE__ (but need valid words)\n- US__E (but need valid words)\n- YSE__ (but need valid words)\n\nLooking for valid words:\n- BESOM (but O is allowed, M is allowed)\n- CEDER (but R is excluded)\n- DENSE (but N is allowed, S is allowed)\n- FUSED (but U is allowed, D is allowed)\n- GESHE (but H is allowed)\n- HESSE (but S is allowed)\n- KESSE (but S is allowed)\n- LESSE (but L is allowed)\n- MENSE (but M is allowed)\n- NESTS (but T is excluded)\n- OESIS (but I is excluded)\n- USENS (but N is allowed)\n- YESSY (but Y is allowed)\n\nValid candidates:\n- BESOM (B, E, S, O, M) - but S is in position 3, which is E\'s position - no\n- DENSE (D, E, N, S, E) - but E is position 3, so this would be D E N S E - but E is position 2 and 5 - but we only have one E confirmed\n- FUSED (F, U, S, E, D) - this has E in position 4, but we know E must be in position 3 - no\n- HESSE (H, E, S, S, E) - E in position 2 and 5 - no\n- KESSE - same issue\n- LESSE - same issue\n- MENSE - same issue\n- NESTS - T is excluded\n- OESIS - I is excluded\n- USENS - N is allowed, but word is U S E N S - this has E in position 3, S in position 2 and 5 - but we only know S is in word once (since feedback was single S in ARISE)\n\nActually, the feedback only tells us about the presence of S and E, not the count. So multiple S\'s are possible.\n\nBut let\'s look for words with E in position 3 and S in position 2 or 5.\n\nLooking at position 5:\n_ _ E _ S\nPossible letters: B, C, D, F, G, H, K, L, M, N, O, U, Y\n\nValid words:\n- BONES (B, O, N, E, S) - but O is allowed, N is allowed, E is position 4 - no\n- COMES (C, O, M, E, S) - E is position 4 - no\n- DONGS (but G is allowed, S is position 5)\n- FONDS (F, O, N, D, S) - E is missing\n- GONDS - not a word\n- HONDS - not a word\n- KONDS - not a word\n- LONDS - not a word\n- MONGS - but M, O, N, G, S - E is missing\n- NONE - but N, O, N, E - but E is position 4\n- ONGES - not a word\n- UNGES - not a word\n- YONKS - but K is allowed, Y is allowed, N is allowed, but E is missing\n\nThis seems tricky. Let\'s try position 2:\n_ S E _ _\nPossible words:\n- BESOM (B, E, S, O, M) - but E is position 2, not 3\n- CEDER - R excluded\n- DENSE (D, E, N, S, E) - E in position 2 and 5\n- FUSED - E in position 4\n- GESHE - E in position 2 and 5\n- HESSE - E in position 2 and 5\n- KESSE - same\n- LESSE - same\n- MENSE - same\n- NESTS - T excluded\n- OESIS - I excluded\n- USENS - E in position 3, S in position 2 and 5\n- YESSY - Y, E, S, S, Y - E in position 2\n\nUSENS seems closest:\nU, S, E, N, S\n- E is in position 3 (correct)\n- S is in position 2 and 5 - but feedback only said S is in word, not how many times\n- U, N are allowed\n- No excluded letters\n\nBut is USENS a valid word? It\'s a variant of ""uses"" but not common.\n\nAlternative: YESSY - but Y is allowed, E is position 2 - no\n\nAlternative: look for words with E in position 3 and S in position 5:\n_ _ E _ S\nPossible:\n- BONES - E in 4\n- COMES - E in 4\n- DONGS - E missing\n- FONDS - E missing\n- GONDS - E missing\n- HONDS - E missing\n- KONDS - E missing\n- LONDS - E missing\n- MONGS - E missing\n- NONE - E in 4\n- ONGES - not a word\n- UNGES - not a word\n- YONKS - E missing\n\nThis path seems hard. Let\'s try position 2 again with valid words:\n\nValid words with E in position 3 and S in position 2 or 5:\n- BESOM - E in 2\n- CEDER - R excluded\n- DENSE - E in 2 and 5\n- FUSED - E in 4\n- GESHE - E in 2 and 5\n- HESSE - E in 2 and 5\n- KESSE - E in 2 and 5\n- LESSE - E in 2 and 5\n- MENSE - E in 2 and 5\n- NESTS - T excluded\n- OESIS - I excluded\n- USENS - E in 3, S in 2 and 5\n- YESSY - E in 2\n\nUSENS seems the closest, but let\'s verify:\nUSENS: U, S, E, N, S\n- E is in position 3 (correct)\n- S is in positions 2 and 5 - but feedback only confirmed S is in word, not ruling out duplicates\n- U, N are allowed\n- No excluded letters\n\nThis seems acceptable.\n\n<guess>USENS</guess>Based on the feedback:\n- E is confirmed in position 3\n- S is in the word but not in positions 1 or 4\n- Excluded letters: A, R, I, W, P, T\n- Remaining valid word: USENS (U, S, E, N, S)\n\n<guess>USENS</guess>'}, {'role': 'user', 'content': 'Make a new 5-letter word guess.\n\nHere is some previous feedback: \nGuess 1: ARISE -> FEEDBACK: A(x) R(x) I(x) S(-) E(-)\nGuess 2: SWEPT -> FEEDBACK: S(-) W(x) E(✓) P(x) T(x)\nGuess 3: USENS -> FEEDBACK: U(x) S(-) E(✓) N(x) S(✓)\n'}]","<think>
Let's summarize what we now know after three guesses.

Letters NOT in the word (✗):
A, R, I, W, P, T, U, N

Letters that ARE in the word (✓):
E (and it is in position 3)
S (and it is in position 5, because the last S in USENS got ✓)

So the word looks like: _ _ E _ S

Letters still allowed: B, C, D, F, G, H, K, L, M, O, V, Y (plus any others not yet ruled out)

We need a valid 5-letter English word that ends in “ES” and has no letters from the banned list.

Possible endings: _ _ E _ S

Let’s list some candidates:
- BESOM  (B, E, S, O, M) – but E is 2nd, needs 3rd
- COMES  (C, O, M, E, S) – E is 4th, needs 3rd
- DENSE  (D, E, N, S, E) – N is banned
- FUSED  (F, U, S, E, D) – U is banned
- GESHE  (G, E, S, H, E) – E is 2nd and 5th, but we need E only in 3rd
- HESSE  (H, E, S, S, E) – same E placement issue
- KESSE  – same
- LESSE  – same
- MENSE  – N banned
- OESIS  (O, E, S, I, S) – I banned
- VESSE  – not a common word
- YESHS  – Y, E, S, H, S – E is 2nd
- BOGES  (B, O, G, E, S) – O, G allowed
- COGES  – not common
- DOGES  – D, O, G, E, S – all allowed
- FOGES  – not common
- GOES_  – needs 5 letters
- HOGES  – not common
- JOGES  – J not yet banned, but rare
- LOGES  – not common
- MOGES  – not common
- NOGES  – N banned
- POGES  – P banned
- ROGES  – R banned
- TOGES  – T banned
- VOGES  – V allowed
- WOGES  – W banned
- YOGES  – Y allowed, but Y is 1st, E 3rd, S 5th

The most common valid word fitting _ _ E _ S with no banned letters is “DOES_” but we need 5 letters. Actually, “DOES” is 4 letters.

Looking again, the valid 5-letter word is “BOGES” (B, O, G, E, S) – but is it common? Maybe not.

Another is “GOES_” – no 5-letter.

Wait, let’s think differently: _ _ E _ S with allowed letters.

Common words:
- BOGES – uncommon
- COGES – uncommon
- DOGES – as in “doges” plural of doge (rare)
- HOLES – L allowed, but E is 3rd, S 5th – but O is 4th
- LOLES – L, O allowed
- MOLES – M, O, L, E, S – all allowed
- POLES – P banned
- ROLES – R banned
- TOLES – T banned
- VOLES – V, O, L, E, S – all allowed
- YODES – Y, O, D, E, S – all allowed
- ZODES – Z not yet banned, but rare

Among these, “MOLES” and “VOLES” and “YODES” are valid.

“MOLES” is a common word.

Let’s choose MOLES.

Check:
M, O, L, E, S – none in banned list, E in 3rd, S in 5th, and no banned letters.

</think>

<guess>MOLES</guess>",MOLES,"Let's summarize what we now know after three guesses.

Letters NOT in the word (✗):
A, R, I, W, P, T, U, N

Letters that ARE in the word (✓):
E (and it is in position 3)
S (and it is in position 5, because the last S in USENS got ✓)

So the word looks like: _ _ E _ S

Letters still allowed: B, C, D, F, G, H, K, L, M, O, V, Y (plus any others not yet ruled out)

We need a valid 5-letter English word that ends in “ES” and has no letters from the banned list.

Possible endings: _ _ E _ S

Let’s list some candidates:
- BESOM  (B, E, S, O, M) – but E is 2nd, needs 3rd
- COMES  (C, O, M, E, S) – E is 4th, needs 3rd
- DENSE  (D, E, N, S, E) – N is banned
- FUSED  (F, U, S, E, D) – U is banned
- GESHE  (G, E, S, H, E) – E is 2nd and 5th, but we need E only in 3rd
- HESSE  (H, E, S, S, E) – same E placement issue
- KESSE  – same
- LESSE  – same
- MENSE  – N banned
- OESIS  (O, E, S, I, S) – I banned
- VESSE  – not a common word
- YESHS  – Y, E, S, H, S – E is 2nd
- BOGES  (B, O, G, E, S) – O, G allowed
- COGES  – not common
- DOGES  – D, O, G, E, S – all allowed
- FOGES  – not common
- GOES_  – needs 5 letters
- HOGES  – not common
- JOGES  – J not yet banned, but rare
- LOGES  – not common
- MOGES  – not common
- NOGES  – N banned
- POGES  – P banned
- ROGES  – R banned
- TOGES  – T banned
- VOGES  – V allowed
- WOGES  – W banned
- YOGES  – Y allowed, but Y is 1st, E 3rd, S 5th

The most common valid word fitting _ _ E _ S with no banned letters is “DOES_” but we need 5 letters. Actually, “DOES” is 4 letters.

Looking again, the valid 5-letter word is “BOGES” (B, O, G, E, S) – but is it common? Maybe not.

Another is “GOES_” – no 5-letter.

Wait, let’s think differently: _ _ E _ S with allowed letters.

Common words:
- BOGES – uncommon
- COGES – uncommon
- DOGES – as in “doges” plural of doge (rare)
- HOLES – L allowed, but E is 3rd, S 5th – but O is 4th
- LOLES – L, O allowed
- MOLES – M, O, L, E, S – all allowed
- POLES – P banned
- ROLES – R banned
- TOLES – T banned
- VOLES – V, O, L, E, S – all allowed
- YODES – Y, O, D, E, S – all allowed
- ZODES – Z not yet banned, but rare

Among these, “MOLES” and “VOLES” and “YODES” are valid.

“MOLES” is a common word.

Let’s choose MOLES.

Check:
M, O, L, E, S – none in banned list, E in 3rd, S in 5th, and no banned letters.",Guess 4: MOLES -> FEEDBACK: M(x) O(x) L(x) E(-) S(✓),FAIL
/mnt/ssd2/shreyansh/models/qwen3/grpo_vllm_rl_v2/checkpoint-40,5,chefs,"<|im_start|>system
### Game Rules:
- You have **6 tries** to guess a secret **5-letter** word.
- Each guess must be a valid **5-letter English word**.
- After each guess, you will receive feedback indicating how close your guess was.

### Feedback Format:
Each letter in your guess will receive one of three symbols:
1. ✓ : The letter is in the word and in the CORRECT position.
2. - : The letter is in the word but in the WRONG position.
3. x : The letter is NOT in the word.

### Example:
Secret Word: BRISK

Guess 1: STORM -> Feedback: S(-) T(x) O(x) R(-) M(x)
Guess 2: BRAVE -> Feedback: B(✓) R(✓) A(x) V(x) E(x)
Guess 3: BRISK -> Feedback: B(✓) R(✓) I(✓) S(✓) K(✓)

### Response Format:
Think through the problem and feedback step by step. Make sure to first add your step-by-step thought process within <think> </think> tags. Then, return your guessed word in the following format: <guess> guessed-word </guess>.
<|im_end|>
<|im_start|>user
Make your first 5-letter word guess.<|im_end|>
<|im_start|>assistant
For the first guess, I want to choose a word that contains common letters to maximize the information gained. The most frequent letters in English are E, A, R, I, O, T, N, S, L, C. A good strategy is to use a word with 5 distinct common letters. 

Some good starting words include:
- ARISE
- SLATE
- CRANE
- STARE
- AROSE

I'll choose ""ARISE"" as it contains A, R, I, S, E - five very common letters that appear in many 5-letter words. This should give us good coverage to identify which letters are in the secret word and their possible positions.

<guess>ARISE</guess><|im_end|>
<|im_start|>user
Make a new 5-letter word guess.

Here is some previous feedback: 
Guess 1: ARISE -> FEEDBACK: A(x) R(x) I(x) S(-) E(-)
<|im_end|>
<|im_start|>assistant
From the feedback on ARISE:
- A, R, I are NOT in the word (x)
- S and E are in the word but in the wrong positions (-)

So the secret word:
- Contains S and E
- Does NOT contain A, R, I
- S is NOT in position 4
- E is NOT in position 5

We now need a 5-letter word that:
1. Includes both S and E
2. Excludes A, R, I
3. Has S not in position 4
4. Has E not in position 5

Good remaining common letters to try next: T, N, L, O, C, D, U, M, P, etc.

Possible candidates:
- STONE (but has R excluded, so no)
- SLATE (but A is excluded)
- SHOVE (but A is excluded)
- STONE (but O and N are good)
- STOLE (but L and O are good)
- SPOKE (but P and K are good)
- STUMP (but U and M, P are good)

Let's try STONE - it has S, T, O, N, E. It excludes A, R, I. S is in position 1 (not 4), E is in position 5 (but feedback says E is not in position 5). So that's bad.

Let's try STOLE - S, T, O, L, E. Excludes A, R, I. S is position 1 (ok), E is position 5 (still bad).

Let's try SHOVE - S, H, O, V, E. Excludes A, R, I. S is position 1 (ok), E is position 5 (still bad).

We need E not in position 5. Let's try:
- SHENT (but N, T are good)
- SENTO (but O is good)
- STONE (already saw E in 5)
- STONE is bad.

Let's try:
- STOLE - E in 5 is bad
- STONE - E in 5 is bad
- SHOVE - E in 5 is bad

Alternative: move E earlier. Try:
- ESTON (but not a word)
- STONE (E at 5)
- STOLE (E at 5)
- SHONE (E at 5)

Hmm, many words put E at 5. Let's try:
- STONE - no
- STOLE - no
- SHOVE - no

Alternative: use E in position 2 or 3.

Try:
- TENSE (but N, S, E - S is 3, E is 4)
- TENSE: T, E, N, S, E. Has two E's, but E is allowed. S is 4 (but feedback says S is not 4). So no.

Try:
- SNEST (but not a word)
- SPOKE (but P, K - but E is 4, S is 1)
- SPOKE: S, P, O, K, E. S is 1 (ok), E is 5 (bad)

Try:
- STONE - E 5 (bad)
- STOLE - E 5 (bad)
- SHONE - E 5 (bad)

Alternative: use E in position 2 or 3.

Try:
- SWEET (but T is repeated, and E is 4)
- SWEET: S, W, E, E, T. S is 1 (ok), E is 3 and 4 (ok), but has two E's.

But we don't know about W yet. Let's try SWEET.

But maybe better to avoid double letters. Let's try:
- SLOPE (but P is ok)
- SLOPE: S, L, O, P, E. S is 1 (ok), E is 5 (bad)

Try:
- SLOPE - E 5 (bad)

Try:
- SLOTE (but not a word)
- SLOTE - not valid

Try:
- SPORE (but R is excluded)
- SPORE - R is excluded

Try:
- SLOPE - E 5 (bad)

Try:
- SLOTE - not a word

Alternative: use E in position 2 or 3.

Try:
- SPOKE - E 5 (bad)
- SLOPE - E 5 (bad)
- STONE - E 5 (bad)

Let's try:
- SPOKE - no
- SLOPE - no
- STONE - no

Alternative: use E in position 2.

Try:
- SENSE (but S is 1, E is 2, N is 3, S is 4 (bad), E is 5 (bad))
- SENSE - S in 4 is bad (from feedback S is not in 4)

Try:
- SENTE (but not a word)
- SENTO (but O is good)

Try:
- SENTO: S, E, N, T, O. S is 1 (ok), E is 2 (ok), N is 3, T is 4, O is 5. This excludes A, R, I. S is not in 4, E is not in 5. This seems valid.

SENTO is a valid word (relating to the sent or a plant genus). Let's go with SENTO.

But is SENTO a valid English word? Actually, SENTO is more of a loanword from Japanese, and may not be in standard Scrabble dictionaries. Let's find a better word.

Alternative: SENTE - but not a standard word.

Try:
- SPOKE - E 5 (bad)
- SLOPE - E 5 (bad)
- STONE - E 5 (bad)

Let's try:
- SPORE - R excluded
- SLOPE - E 5 (bad)

Alternative: use E in position 3.

Try:
- STONE - E 5 (bad)
- STOLE - E 5 (bad)

Try:
- SLOTE - not a word
- SPOTE - not a word

Alternative: use E in position 2.

Try:
- SWEPT (but P, T are ok)
- SWEPT: S, W, E, P, T. S is 1 (ok), E is 3 (ok), P is 4, T is 5. This excludes A, R, I. S is not in 4, E is not in 5. This seems valid.

SWEPT is a valid English word. Let's go with SWEPT.

But we haven't used W yet, and it's a new letter. This seems like a good choice.

<guess>SWEPT</guess>

<guess>SWEPT</guess><|im_end|>
<|im_start|>user
Make a new 5-letter word guess.

Here is some previous feedback: 
Guess 1: ARISE -> FEEDBACK: A(x) R(x) I(x) S(-) E(-)
Guess 2: SWEPT -> FEEDBACK: S(-) W(x) E(✓) P(x) T(x)
<|im_end|>
<|im_start|>assistant
From the new feedback on SWEPT:
- S is in the word but NOT in position 1 (-)
- W is NOT in the word (x)
- E is in the word AND in the correct position 3 (✓)
- P is NOT in the word (x)
- T is NOT in the word (x)

So far we know:
1. Letters NOT in the word: A, R, I, W, P, T
2. Letters confirmed IN the word: S, E (with E fixed at position 3)
3. S is not in position 1 or 4 (from ARISE and SWEPT feedback)
4. E is in position 3 (✓)

We need a 5-letter word that:
- Has E in position 3
- Contains S somewhere (positions 2 or 5 since 1 and 4 are excluded)
- Does NOT contain A, R, I, W, P, T
- Uses remaining common letters: B, C, D, F, G, H, K, L, M, N, O, U, Y

Possible remaining letters: B, C, D, F, G, H, K, L, M, N, O, U, Y, S, E

Since E is fixed at position 3, the word structure is: _ _ E _ _

S must be in position 2 or 5.

Let's try position 2: _ S E _ _
We need two more letters from the allowed set, avoiding duplicates.

Possible candidates:
- BSE__ (but need valid words)
- CSE__ (but need valid words)
- DSE__ (but need valid words)
- FSE__ (but need valid words)
- GSE__ (but need valid words)
- HSE__ (but need valid words)
- KSE__ (but need valid words)
- LSE__ (but need valid words)
- MSE__ (but need valid words)
- NSE__ (but need valid words)
- OSE__ (but need valid words)
- US__E (but need valid words)
- YSE__ (but need valid words)

Looking for valid words:
- BESOM (but O is allowed, M is allowed)
- CEDER (but R is excluded)
- DENSE (but N is allowed, S is allowed)
- FUSED (but U is allowed, D is allowed)
- GESHE (but H is allowed)
- HESSE (but S is allowed)
- KESSE (but S is allowed)
- LESSE (but L is allowed)
- MENSE (but M is allowed)
- NESTS (but T is excluded)
- OESIS (but I is excluded)
- USENS (but N is allowed)
- YESSY (but Y is allowed)

Valid candidates:
- BESOM (B, E, S, O, M) - but S is in position 3, which is E's position - no
- DENSE (D, E, N, S, E) - but E is position 3, so this would be D E N S E - but E is position 2 and 5 - but we only have one E confirmed
- FUSED (F, U, S, E, D) - this has E in position 4, but we know E must be in position 3 - no
- HESSE (H, E, S, S, E) - E in position 2 and 5 - no
- KESSE - same issue
- LESSE - same issue
- MENSE - same issue
- NESTS - T is excluded
- OESIS - I is excluded
- USENS - N is allowed, but word is U S E N S - this has E in position 3, S in position 2 and 5 - but we only know S is in word once (since feedback was single S in ARISE)

Actually, the feedback only tells us about the presence of S and E, not the count. So multiple S's are possible.

But let's look for words with E in position 3 and S in position 2 or 5.

Looking at position 5:
_ _ E _ S
Possible letters: B, C, D, F, G, H, K, L, M, N, O, U, Y

Valid words:
- BONES (B, O, N, E, S) - but O is allowed, N is allowed, E is position 4 - no
- COMES (C, O, M, E, S) - E is position 4 - no
- DONGS (but G is allowed, S is position 5)
- FONDS (F, O, N, D, S) - E is missing
- GONDS - not a word
- HONDS - not a word
- KONDS - not a word
- LONDS - not a word
- MONGS - but M, O, N, G, S - E is missing
- NONE - but N, O, N, E - but E is position 4
- ONGES - not a word
- UNGES - not a word
- YONKS - but K is allowed, Y is allowed, N is allowed, but E is missing

This seems tricky. Let's try position 2:
_ S E _ _
Possible words:
- BESOM (B, E, S, O, M) - but E is position 2, not 3
- CEDER - R excluded
- DENSE (D, E, N, S, E) - E in position 2 and 5
- FUSED - E in position 4
- GESHE - E in position 2 and 5
- HESSE - E in position 2 and 5
- KESSE - same
- LESSE - same
- MENSE - same
- NESTS - T excluded
- OESIS - I excluded
- USENS - E in position 3, S in position 2 and 5
- YESSY - Y, E, S, S, Y - E in position 2

USENS seems closest:
U, S, E, N, S
- E is in position 3 (correct)
- S is in position 2 and 5 - but feedback only said S is in word, not how many times
- U, N are allowed
- No excluded letters

But is USENS a valid word? It's a variant of ""uses"" but not common.

Alternative: YESSY - but Y is allowed, E is position 2 - no

Alternative: look for words with E in position 3 and S in position 5:
_ _ E _ S
Possible:
- BONES - E in 4
- COMES - E in 4
- DONGS - E missing
- FONDS - E missing
- GONDS - E missing
- HONDS - E missing
- KONDS - E missing
- LONDS - E missing
- MONGS - E missing
- NONE - E in 4
- ONGES - not a word
- UNGES - not a word
- YONKS - E missing

This path seems hard. Let's try position 2 again with valid words:

Valid words with E in position 3 and S in position 2 or 5:
- BESOM - E in 2
- CEDER - R excluded
- DENSE - E in 2 and 5
- FUSED - E in 4
- GESHE - E in 2 and 5
- HESSE - E in 2 and 5
- KESSE - E in 2 and 5
- LESSE - E in 2 and 5
- MENSE - E in 2 and 5
- NESTS - T excluded
- OESIS - I excluded
- USENS - E in 3, S in 2 and 5
- YESSY - E in 2

USENS seems the closest, but let's verify:
USENS: U, S, E, N, S
- E is in position 3 (correct)
- S is in positions 2 and 5 - but feedback only confirmed S is in word, not ruling out duplicates
- U, N are allowed
- No excluded letters

This seems acceptable.

<guess>USENS</guess>Based on the feedback:
- E is confirmed in position 3
- S is in the word but not in positions 1 or 4
- Excluded letters: A, R, I, W, P, T
- Remaining valid word: USENS (U, S, E, N, S)

<guess>USENS</guess><|im_end|>
<|im_start|>user
Make a new 5-letter word guess.

Here is some previous feedback: 
Guess 1: ARISE -> FEEDBACK: A(x) R(x) I(x) S(-) E(-)
Guess 2: SWEPT -> FEEDBACK: S(-) W(x) E(✓) P(x) T(x)
Guess 3: USENS -> FEEDBACK: U(x) S(-) E(✓) N(x) S(✓)
<|im_end|>
<|im_start|>assistant
Let's summarize what we now know after three guesses.

Letters NOT in the word (✗):
A, R, I, W, P, T, U, N

Letters that ARE in the word (✓):
E (and it is in position 3)
S (and it is in position 5, because the last S in USENS got ✓)

So the word looks like: _ _ E _ S

Letters still allowed: B, C, D, F, G, H, K, L, M, O, V, Y (plus any others not yet ruled out)

We need a valid 5-letter English word that ends in “ES” and has no letters from the banned list.

Possible endings: _ _ E _ S

Let’s list some candidates:
- BESOM  (B, E, S, O, M) – but E is 2nd, needs 3rd
- COMES  (C, O, M, E, S) – E is 4th, needs 3rd
- DENSE  (D, E, N, S, E) – N is banned
- FUSED  (F, U, S, E, D) – U is banned
- GESHE  (G, E, S, H, E) – E is 2nd and 5th, but we need E only in 3rd
- HESSE  (H, E, S, S, E) – same E placement issue
- KESSE  – same
- LESSE  – same
- MENSE  – N banned
- OESIS  (O, E, S, I, S) – I banned
- VESSE  – not a common word
- YESHS  – Y, E, S, H, S – E is 2nd
- BOGES  (B, O, G, E, S) – O, G allowed
- COGES  – not common
- DOGES  – D, O, G, E, S – all allowed
- FOGES  – not common
- GOES_  – needs 5 letters
- HOGES  – not common
- JOGES  – J not yet banned, but rare
- LOGES  – not common
- MOGES  – not common
- NOGES  – N banned
- POGES  – P banned
- ROGES  – R banned
- TOGES  – T banned
- VOGES  – V allowed
- WOGES  – W banned
- YOGES  – Y allowed, but Y is 1st, E 3rd, S 5th

The most common valid word fitting _ _ E _ S with no banned letters is “DOES_” but we need 5 letters. Actually, “DOES” is 4 letters.

Looking again, the valid 5-letter word is “BOGES” (B, O, G, E, S) – but is it common? Maybe not.

Another is “GOES_” – no 5-letter.

Wait, let’s think differently: _ _ E _ S with allowed letters.

Common words:
- BOGES – uncommon
- COGES – uncommon
- DOGES – as in “doges” plural of doge (rare)
- HOLES – L allowed, but E is 3rd, S 5th – but O is 4th
- LOLES – L, O allowed
- MOLES – M, O, L, E, S – all allowed
- POLES – P banned
- ROLES – R banned
- TOLES – T banned
- VOLES – V, O, L, E, S – all allowed
- YODES – Y, O, D, E, S – all allowed
- ZODES – Z not yet banned, but rare

Among these, “MOLES” and “VOLES” and “YODES” are valid.

“MOLES” is a common word.

Let’s choose MOLES.

Check:
M, O, L, E, S – none in banned list, E in 3rd, S in 5th, and no banned letters.

<guess>MOLES</guess><|im_end|>
<|im_start|>user
Make a new 5-letter word guess.

Here is some previous feedback: 
Guess 1: ARISE -> FEEDBACK: A(x) R(x) I(x) S(-) E(-)
Guess 2: SWEPT -> FEEDBACK: S(-) W(x) E(✓) P(x) T(x)
Guess 3: USENS -> FEEDBACK: U(x) S(-) E(✓) N(x) S(✓)
Guess 4: MOLES -> FEEDBACK: M(x) O(x) L(x) E(-) S(✓)
<|im_end|>
<|im_start|>assistant
","[{'role': 'system', 'content': '### Game Rules:\n- You have **6 tries** to guess a secret **5-letter** word.\n- Each guess must be a valid **5-letter English word**.\n- After each guess, you will receive feedback indicating how close your guess was.\n\n### Feedback Format:\nEach letter in your guess will receive one of three symbols:\n1. ✓ : The letter is in the word and in the CORRECT position.\n2. - : The letter is in the word but in the WRONG position.\n3. x : The letter is NOT in the word.\n\n### Example:\nSecret Word: BRISK\n\nGuess 1: STORM -> Feedback: S(-) T(x) O(x) R(-) M(x)\nGuess 2: BRAVE -> Feedback: B(✓) R(✓) A(x) V(x) E(x)\nGuess 3: BRISK -> Feedback: B(✓) R(✓) I(✓) S(✓) K(✓)\n\n### Response Format:\nThink through the problem and feedback step by step. Make sure to first add your step-by-step thought process within <think> </think> tags. Then, return your guessed word in the following format: <guess> guessed-word </guess>.\n'}, {'role': 'user', 'content': 'Make your first 5-letter word guess.'}, {'role': 'assistant', 'content': 'For the first guess, I want to choose a word that contains common letters to maximize the information gained. The most frequent letters in English are E, A, R, I, O, T, N, S, L, C. A good strategy is to use a word with 5 distinct common letters. \n\nSome good starting words include:\n- ARISE\n- SLATE\n- CRANE\n- STARE\n- AROSE\n\nI\'ll choose ""ARISE"" as it contains A, R, I, S, E - five very common letters that appear in many 5-letter words. This should give us good coverage to identify which letters are in the secret word and their possible positions.\n\n<guess>ARISE</guess>'}, {'role': 'user', 'content': 'Make a new 5-letter word guess.\n\nHere is some previous feedback: \nGuess 1: ARISE -> FEEDBACK: A(x) R(x) I(x) S(-) E(-)\n'}, {'role': 'assistant', 'content': ""From the feedback on ARISE:\n- A, R, I are NOT in the word (x)\n- S and E are in the word but in the wrong positions (-)\n\nSo the secret word:\n- Contains S and E\n- Does NOT contain A, R, I\n- S is NOT in position 4\n- E is NOT in position 5\n\nWe now need a 5-letter word that:\n1. Includes both S and E\n2. Excludes A, R, I\n3. Has S not in position 4\n4. Has E not in position 5\n\nGood remaining common letters to try next: T, N, L, O, C, D, U, M, P, etc.\n\nPossible candidates:\n- STONE (but has R excluded, so no)\n- SLATE (but A is excluded)\n- SHOVE (but A is excluded)\n- STONE (but O and N are good)\n- STOLE (but L and O are good)\n- SPOKE (but P and K are good)\n- STUMP (but U and M, P are good)\n\nLet's try STONE - it has S, T, O, N, E. It excludes A, R, I. S is in position 1 (not 4), E is in position 5 (but feedback says E is not in position 5). So that's bad.\n\nLet's try STOLE - S, T, O, L, E. Excludes A, R, I. S is position 1 (ok), E is position 5 (still bad).\n\nLet's try SHOVE - S, H, O, V, E. Excludes A, R, I. S is position 1 (ok), E is position 5 (still bad).\n\nWe need E not in position 5. Let's try:\n- SHENT (but N, T are good)\n- SENTO (but O is good)\n- STONE (already saw E in 5)\n- STONE is bad.\n\nLet's try:\n- STOLE - E in 5 is bad\n- STONE - E in 5 is bad\n- SHOVE - E in 5 is bad\n\nAlternative: move E earlier. Try:\n- ESTON (but not a word)\n- STONE (E at 5)\n- STOLE (E at 5)\n- SHONE (E at 5)\n\nHmm, many words put E at 5. Let's try:\n- STONE - no\n- STOLE - no\n- SHOVE - no\n\nAlternative: use E in position 2 or 3.\n\nTry:\n- TENSE (but N, S, E - S is 3, E is 4)\n- TENSE: T, E, N, S, E. Has two E's, but E is allowed. S is 4 (but feedback says S is not 4). So no.\n\nTry:\n- SNEST (but not a word)\n- SPOKE (but P, K - but E is 4, S is 1)\n- SPOKE: S, P, O, K, E. S is 1 (ok), E is 5 (bad)\n\nTry:\n- STONE - E 5 (bad)\n- STOLE - E 5 (bad)\n- SHONE - E 5 (bad)\n\nAlternative: use E in position 2 or 3.\n\nTry:\n- SWEET (but T is repeated, and E is 4)\n- SWEET: S, W, E, E, T. S is 1 (ok), E is 3 and 4 (ok), but has two E's.\n\nBut we don't know about W yet. Let's try SWEET.\n\nBut maybe better to avoid double letters. Let's try:\n- SLOPE (but P is ok)\n- SLOPE: S, L, O, P, E. S is 1 (ok), E is 5 (bad)\n\nTry:\n- SLOPE - E 5 (bad)\n\nTry:\n- SLOTE (but not a word)\n- SLOTE - not valid\n\nTry:\n- SPORE (but R is excluded)\n- SPORE - R is excluded\n\nTry:\n- SLOPE - E 5 (bad)\n\nTry:\n- SLOTE - not a word\n\nAlternative: use E in position 2 or 3.\n\nTry:\n- SPOKE - E 5 (bad)\n- SLOPE - E 5 (bad)\n- STONE - E 5 (bad)\n\nLet's try:\n- SPOKE - no\n- SLOPE - no\n- STONE - no\n\nAlternative: use E in position 2.\n\nTry:\n- SENSE (but S is 1, E is 2, N is 3, S is 4 (bad), E is 5 (bad))\n- SENSE - S in 4 is bad (from feedback S is not in 4)\n\nTry:\n- SENTE (but not a word)\n- SENTO (but O is good)\n\nTry:\n- SENTO: S, E, N, T, O. S is 1 (ok), E is 2 (ok), N is 3, T is 4, O is 5. This excludes A, R, I. S is not in 4, E is not in 5. This seems valid.\n\nSENTO is a valid word (relating to the sent or a plant genus). Let's go with SENTO.\n\nBut is SENTO a valid English word? Actually, SENTO is more of a loanword from Japanese, and may not be in standard Scrabble dictionaries. Let's find a better word.\n\nAlternative: SENTE - but not a standard word.\n\nTry:\n- SPOKE - E 5 (bad)\n- SLOPE - E 5 (bad)\n- STONE - E 5 (bad)\n\nLet's try:\n- SPORE - R excluded\n- SLOPE - E 5 (bad)\n\nAlternative: use E in position 3.\n\nTry:\n- STONE - E 5 (bad)\n- STOLE - E 5 (bad)\n\nTry:\n- SLOTE - not a word\n- SPOTE - not a word\n\nAlternative: use E in position 2.\n\nTry:\n- SWEPT (but P, T are ok)\n- SWEPT: S, W, E, P, T. S is 1 (ok), E is 3 (ok), P is 4, T is 5. This excludes A, R, I. S is not in 4, E is not in 5. This seems valid.\n\nSWEPT is a valid English word. Let's go with SWEPT.\n\nBut we haven't used W yet, and it's a new letter. This seems like a good choice.\n\n<guess>SWEPT</guess>\n\n<guess>SWEPT</guess>""}, {'role': 'user', 'content': 'Make a new 5-letter word guess.\n\nHere is some previous feedback: \nGuess 1: ARISE -> FEEDBACK: A(x) R(x) I(x) S(-) E(-)\nGuess 2: SWEPT -> FEEDBACK: S(-) W(x) E(✓) P(x) T(x)\n'}, {'role': 'assistant', 'content': 'From the new feedback on SWEPT:\n- S is in the word but NOT in position 1 (-)\n- W is NOT in the word (x)\n- E is in the word AND in the correct position 3 (✓)\n- P is NOT in the word (x)\n- T is NOT in the word (x)\n\nSo far we know:\n1. Letters NOT in the word: A, R, I, W, P, T\n2. Letters confirmed IN the word: S, E (with E fixed at position 3)\n3. S is not in position 1 or 4 (from ARISE and SWEPT feedback)\n4. E is in position 3 (✓)\n\nWe need a 5-letter word that:\n- Has E in position 3\n- Contains S somewhere (positions 2 or 5 since 1 and 4 are excluded)\n- Does NOT contain A, R, I, W, P, T\n- Uses remaining common letters: B, C, D, F, G, H, K, L, M, N, O, U, Y\n\nPossible remaining letters: B, C, D, F, G, H, K, L, M, N, O, U, Y, S, E\n\nSince E is fixed at position 3, the word structure is: _ _ E _ _\n\nS must be in position 2 or 5.\n\nLet\'s try position 2: _ S E _ _\nWe need two more letters from the allowed set, avoiding duplicates.\n\nPossible candidates:\n- BSE__ (but need valid words)\n- CSE__ (but need valid words)\n- DSE__ (but need valid words)\n- FSE__ (but need valid words)\n- GSE__ (but need valid words)\n- HSE__ (but need valid words)\n- KSE__ (but need valid words)\n- LSE__ (but need valid words)\n- MSE__ (but need valid words)\n- NSE__ (but need valid words)\n- OSE__ (but need valid words)\n- US__E (but need valid words)\n- YSE__ (but need valid words)\n\nLooking for valid words:\n- BESOM (but O is allowed, M is allowed)\n- CEDER (but R is excluded)\n- DENSE (but N is allowed, S is allowed)\n- FUSED (but U is allowed, D is allowed)\n- GESHE (but H is allowed)\n- HESSE (but S is allowed)\n- KESSE (but S is allowed)\n- LESSE (but L is allowed)\n- MENSE (but M is allowed)\n- NESTS (but T is excluded)\n- OESIS (but I is excluded)\n- USENS (but N is allowed)\n- YESSY (but Y is allowed)\n\nValid candidates:\n- BESOM (B, E, S, O, M) - but S is in position 3, which is E\'s position - no\n- DENSE (D, E, N, S, E) - but E is position 3, so this would be D E N S E - but E is position 2 and 5 - but we only have one E confirmed\n- FUSED (F, U, S, E, D) - this has E in position 4, but we know E must be in position 3 - no\n- HESSE (H, E, S, S, E) - E in position 2 and 5 - no\n- KESSE - same issue\n- LESSE - same issue\n- MENSE - same issue\n- NESTS - T is excluded\n- OESIS - I is excluded\n- USENS - N is allowed, but word is U S E N S - this has E in position 3, S in position 2 and 5 - but we only know S is in word once (since feedback was single S in ARISE)\n\nActually, the feedback only tells us about the presence of S and E, not the count. So multiple S\'s are possible.\n\nBut let\'s look for words with E in position 3 and S in position 2 or 5.\n\nLooking at position 5:\n_ _ E _ S\nPossible letters: B, C, D, F, G, H, K, L, M, N, O, U, Y\n\nValid words:\n- BONES (B, O, N, E, S) - but O is allowed, N is allowed, E is position 4 - no\n- COMES (C, O, M, E, S) - E is position 4 - no\n- DONGS (but G is allowed, S is position 5)\n- FONDS (F, O, N, D, S) - E is missing\n- GONDS - not a word\n- HONDS - not a word\n- KONDS - not a word\n- LONDS - not a word\n- MONGS - but M, O, N, G, S - E is missing\n- NONE - but N, O, N, E - but E is position 4\n- ONGES - not a word\n- UNGES - not a word\n- YONKS - but K is allowed, Y is allowed, N is allowed, but E is missing\n\nThis seems tricky. Let\'s try position 2:\n_ S E _ _\nPossible words:\n- BESOM (B, E, S, O, M) - but E is position 2, not 3\n- CEDER - R excluded\n- DENSE (D, E, N, S, E) - E in position 2 and 5\n- FUSED - E in position 4\n- GESHE - E in position 2 and 5\n- HESSE - E in position 2 and 5\n- KESSE - same\n- LESSE - same\n- MENSE - same\n- NESTS - T excluded\n- OESIS - I excluded\n- USENS - E in position 3, S in position 2 and 5\n- YESSY - Y, E, S, S, Y - E in position 2\n\nUSENS seems closest:\nU, S, E, N, S\n- E is in position 3 (correct)\n- S is in position 2 and 5 - but feedback only said S is in word, not how many times\n- U, N are allowed\n- No excluded letters\n\nBut is USENS a valid word? It\'s a variant of ""uses"" but not common.\n\nAlternative: YESSY - but Y is allowed, E is position 2 - no\n\nAlternative: look for words with E in position 3 and S in position 5:\n_ _ E _ S\nPossible:\n- BONES - E in 4\n- COMES - E in 4\n- DONGS - E missing\n- FONDS - E missing\n- GONDS - E missing\n- HONDS - E missing\n- KONDS - E missing\n- LONDS - E missing\n- MONGS - E missing\n- NONE - E in 4\n- ONGES - not a word\n- UNGES - not a word\n- YONKS - E missing\n\nThis path seems hard. Let\'s try position 2 again with valid words:\n\nValid words with E in position 3 and S in position 2 or 5:\n- BESOM - E in 2\n- CEDER - R excluded\n- DENSE - E in 2 and 5\n- FUSED - E in 4\n- GESHE - E in 2 and 5\n- HESSE - E in 2 and 5\n- KESSE - E in 2 and 5\n- LESSE - E in 2 and 5\n- MENSE - E in 2 and 5\n- NESTS - T excluded\n- OESIS - I excluded\n- USENS - E in 3, S in 2 and 5\n- YESSY - E in 2\n\nUSENS seems the closest, but let\'s verify:\nUSENS: U, S, E, N, S\n- E is in position 3 (correct)\n- S is in positions 2 and 5 - but feedback only confirmed S is in word, not ruling out duplicates\n- U, N are allowed\n- No excluded letters\n\nThis seems acceptable.\n\n<guess>USENS</guess>Based on the feedback:\n- E is confirmed in position 3\n- S is in the word but not in positions 1 or 4\n- Excluded letters: A, R, I, W, P, T\n- Remaining valid word: USENS (U, S, E, N, S)\n\n<guess>USENS</guess>'}, {'role': 'user', 'content': 'Make a new 5-letter word guess.\n\nHere is some previous feedback: \nGuess 1: ARISE -> FEEDBACK: A(x) R(x) I(x) S(-) E(-)\nGuess 2: SWEPT -> FEEDBACK: S(-) W(x) E(✓) P(x) T(x)\nGuess 3: USENS -> FEEDBACK: U(x) S(-) E(✓) N(x) S(✓)\n'}, {'role': 'assistant', 'content': ""Let's summarize what we now know after three guesses.\n\nLetters NOT in the word (✗):\nA, R, I, W, P, T, U, N\n\nLetters that ARE in the word (✓):\nE (and it is in position 3)\nS (and it is in position 5, because the last S in USENS got ✓)\n\nSo the word looks like: _ _ E _ S\n\nLetters still allowed: B, C, D, F, G, H, K, L, M, O, V, Y (plus any others not yet ruled out)\n\nWe need a valid 5-letter English word that ends in “ES” and has no letters from the banned list.\n\nPossible endings: _ _ E _ S\n\nLet’s list some candidates:\n- BESOM  (B, E, S, O, M) – but E is 2nd, needs 3rd\n- COMES  (C, O, M, E, S) – E is 4th, needs 3rd\n- DENSE  (D, E, N, S, E) – N is banned\n- FUSED  (F, U, S, E, D) – U is banned\n- GESHE  (G, E, S, H, E) – E is 2nd and 5th, but we need E only in 3rd\n- HESSE  (H, E, S, S, E) – same E placement issue\n- KESSE  – same\n- LESSE  – same\n- MENSE  – N banned\n- OESIS  (O, E, S, I, S) – I banned\n- VESSE  – not a common word\n- YESHS  – Y, E, S, H, S – E is 2nd\n- BOGES  (B, O, G, E, S) – O, G allowed\n- COGES  – not common\n- DOGES  – D, O, G, E, S – all allowed\n- FOGES  – not common\n- GOES_  – needs 5 letters\n- HOGES  – not common\n- JOGES  – J not yet banned, but rare\n- LOGES  – not common\n- MOGES  – not common\n- NOGES  – N banned\n- POGES  – P banned\n- ROGES  – R banned\n- TOGES  – T banned\n- VOGES  – V allowed\n- WOGES  – W banned\n- YOGES  – Y allowed, but Y is 1st, E 3rd, S 5th\n\nThe most common valid word fitting _ _ E _ S with no banned letters is “DOES_” but we need 5 letters. Actually, “DOES” is 4 letters.\n\nLooking again, the valid 5-letter word is “BOGES” (B, O, G, E, S) – but is it common? Maybe not.\n\nAnother is “GOES_” – no 5-letter.\n\nWait, let’s think differently: _ _ E _ S with allowed letters.\n\nCommon words:\n- BOGES – uncommon\n- COGES – uncommon\n- DOGES – as in “doges” plural of doge (rare)\n- HOLES – L allowed, but E is 3rd, S 5th – but O is 4th\n- LOLES – L, O allowed\n- MOLES – M, O, L, E, S – all allowed\n- POLES – P banned\n- ROLES – R banned\n- TOLES – T banned\n- VOLES – V, O, L, E, S – all allowed\n- YODES – Y, O, D, E, S – all allowed\n- ZODES – Z not yet banned, but rare\n\nAmong these, “MOLES” and “VOLES” and “YODES” are valid.\n\n“MOLES” is a common word.\n\nLet’s choose MOLES.\n\nCheck:\nM, O, L, E, S – none in banned list, E in 3rd, S in 5th, and no banned letters.\n\n<guess>MOLES</guess>""}, {'role': 'user', 'content': 'Make a new 5-letter word guess.\n\nHere is some previous feedback: \nGuess 1: ARISE -> FEEDBACK: A(x) R(x) I(x) S(-) E(-)\nGuess 2: SWEPT -> FEEDBACK: S(-) W(x) E(✓) P(x) T(x)\nGuess 3: USENS -> FEEDBACK: U(x) S(-) E(✓) N(x) S(✓)\nGuess 4: MOLES -> FEEDBACK: M(x) O(x) L(x) E(-) S(✓)\n'}]","<think>
Let’s consolidate everything we now know.

Letters that are **not** in the word (✗):
A, R, I, W, P, T, U, N, M, O, L

Letters that **are** in the word and their positions:
- E – must be in position 3 (✓ from Guess 2 and confirmed in Guess 4)
- S – must be in position 5 (✓ from Guess 3)

So the pattern is: _ _ E _ S

Letters still **allowed** (have not been ruled out):
B, C, D, F, G, H, J, K, Q, V, X, Y, Z (plus any others not listed above)

We need a valid 5-letter English word that ends in “ES” and uses only the allowed letters in positions 1 and 2.

Common English words ending in “ES” with no banned letters:
- BESOM – but E is 2nd, not 3rd
- CEDER – R banned
- DENSE – N banned
- FUSED – U banned
- GESHE – E is 2nd and 5th
- HESSE – same
- KESSE – same
- LESSE – same
- VESSE – not a word
- YESHS – Y, E, S, H, S – E is 2nd
- BOGES – B, O, G, E, S – O banned
- COGES – O banned
- DOGES – O banned
- FOGES – O banned
- GOES_ – no 5-letter
- HOGES – not common
- JOGES – J uncommon
- LOGES – not common
- NOGES – N banned
- POGES – P banned
- ROGES – R banned
- TOGES – T banned
- VOLES – V, O, L, E, S – O and L banned
- YODES – O banned
- ZODES – O banned

The only remaining common 5-letter word that fits _ _ E _ S with allowed letters is “HESSE” but E appears twice and is in wrong positions. Actually, none of the obvious words fit.

Wait, let’s list all possible combinations with remaining letters:

Allowed first two letters: B, C, D, F, G, H, J, K, Q, V, X, Y, Z

We need two letters from that set, followed by E and ending with S.

Possible candidates:
- BESOM – E is 2nd
- CEDER – R banned
- DENSE – N banned
- FUSED – U banned
- GESHE – E is 2nd
- HESSE – E is 2nd and 5th
- KESSE – E is 2nd
- LESSE – E is 2nd
- VESSE – not a word
- YESHS – E is 2nd
- BOGES – O banned
- COGES – O banned
- DOGES – O banned
- FOGES – O banned
- GOES_ – no 5-letter
- HOLES – L banned
- JOLES – L banned
- KOLES – L banned
- QOLES – L banned
- VOLES – L banned
- YODES – O banned
- ZODES – O banned

It appears the only valid word left is “HESSE”, but it has E in 2nd position which conflicts with our requirement of E in 3rd. This suggests we may have missed a word or need to reconsider.

However, “HESSE” is not a valid 5-letter English word. Similarly, “KESSE”, “LESSE”, etc., are not common.

Upon closer inspection, the valid word fitting _ _ E _ S with allowed letters is “HESSE” (a surname), but it’s not in standard dictionaries.

Let’s check “JESSE” – J, E, S, S, E – E is 2nd and 5th
“KESSE” – same issue
“YESHS” – E is 2nd

Realizing we missed “JESSE” is actually a valid 5-letter word (a biblical name), but it has E in 2nd position.

This indicates we need to look for words where E is 3rd and S is 5th, with allowed letters in 1st and 2nd.

The only remaining valid word is “HESSE” (as a proper noun), but it’s not standard.

Rechecking the allowed letters and pattern, the correct word is “HESSE”.

But to ensure we have a standard word, let’s reconsider: are there any other 5-letter words ending in “ES” with E in 3rd and S in 5th, using allowed letters?

The word “HESSE” is the only possible candidate.

Therefore, the next logical guess is “HESSE”.
</think>

<guess>HESSE</guess>",HESSE,"Let’s consolidate everything we now know.

Letters that are **not** in the word (✗):
A, R, I, W, P, T, U, N, M, O, L

Letters that **are** in the word and their positions:
- E – must be in position 3 (✓ from Guess 2 and confirmed in Guess 4)
- S – must be in position 5 (✓ from Guess 3)

So the pattern is: _ _ E _ S

Letters still **allowed** (have not been ruled out):
B, C, D, F, G, H, J, K, Q, V, X, Y, Z (plus any others not listed above)

We need a valid 5-letter English word that ends in “ES” and uses only the allowed letters in positions 1 and 2.

Common English words ending in “ES” with no banned letters:
- BESOM – but E is 2nd, not 3rd
- CEDER – R banned
- DENSE – N banned
- FUSED – U banned
- GESHE – E is 2nd and 5th
- HESSE – same
- KESSE – same
- LESSE – same
- VESSE – not a word
- YESHS – Y, E, S, H, S – E is 2nd
- BOGES – B, O, G, E, S – O banned
- COGES – O banned
- DOGES – O banned
- FOGES – O banned
- GOES_ – no 5-letter
- HOGES – not common
- JOGES – J uncommon
- LOGES – not common
- NOGES – N banned
- POGES – P banned
- ROGES – R banned
- TOGES – T banned
- VOLES – V, O, L, E, S – O and L banned
- YODES – O banned
- ZODES – O banned

The only remaining common 5-letter word that fits _ _ E _ S with allowed letters is “HESSE” but E appears twice and is in wrong positions. Actually, none of the obvious words fit.

Wait, let’s list all possible combinations with remaining letters:

Allowed first two letters: B, C, D, F, G, H, J, K, Q, V, X, Y, Z

We need two letters from that set, followed by E and ending with S.

Possible candidates:
- BESOM – E is 2nd
- CEDER – R banned
- DENSE – N banned
- FUSED – U banned
- GESHE – E is 2nd
- HESSE – E is 2nd and 5th
- KESSE – E is 2nd
- LESSE – E is 2nd
- VESSE – not a word
- YESHS – E is 2nd
- BOGES – O banned
- COGES – O banned
- DOGES – O banned
- FOGES – O banned
- GOES_ – no 5-letter
- HOLES – L banned
- JOLES – L banned
- KOLES – L banned
- QOLES – L banned
- VOLES – L banned
- YODES – O banned
- ZODES – O banned

It appears the only valid word left is “HESSE”, but it has E in 2nd position which conflicts with our requirement of E in 3rd. This suggests we may have missed a word or need to reconsider.

However, “HESSE” is not a valid 5-letter English word. Similarly, “KESSE”, “LESSE”, etc., are not common.

Upon closer inspection, the valid word fitting _ _ E _ S with allowed letters is “HESSE” (a surname), but it’s not in standard dictionaries.

Let’s check “JESSE” – J, E, S, S, E – E is 2nd and 5th
“KESSE” – same issue
“YESHS” – E is 2nd

Realizing we missed “JESSE” is actually a valid 5-letter word (a biblical name), but it has E in 2nd position.

This indicates we need to look for words where E is 3rd and S is 5th, with allowed letters in 1st and 2nd.

The only remaining valid word is “HESSE” (as a proper noun), but it’s not standard.

Rechecking the allowed letters and pattern, the correct word is “HESSE”.

But to ensure we have a standard word, let’s reconsider: are there any other 5-letter words ending in “ES” with E in 3rd and S in 5th, using allowed letters?

The word “HESSE” is the only possible candidate.

Therefore, the next logical guess is “HESSE”.",Guess 5: HESSE -> FEEDBACK: H(-) E(-) S(-) S(-) E(-),FAIL
/mnt/ssd2/shreyansh/models/qwen3/grpo_vllm_rl_v2/checkpoint-40,6,chefs,"<|im_start|>system
### Game Rules:
- You have **6 tries** to guess a secret **5-letter** word.
- Each guess must be a valid **5-letter English word**.
- After each guess, you will receive feedback indicating how close your guess was.

### Feedback Format:
Each letter in your guess will receive one of three symbols:
1. ✓ : The letter is in the word and in the CORRECT position.
2. - : The letter is in the word but in the WRONG position.
3. x : The letter is NOT in the word.

### Example:
Secret Word: BRISK

Guess 1: STORM -> Feedback: S(-) T(x) O(x) R(-) M(x)
Guess 2: BRAVE -> Feedback: B(✓) R(✓) A(x) V(x) E(x)
Guess 3: BRISK -> Feedback: B(✓) R(✓) I(✓) S(✓) K(✓)

### Response Format:
Think through the problem and feedback step by step. Make sure to first add your step-by-step thought process within <think> </think> tags. Then, return your guessed word in the following format: <guess> guessed-word </guess>.
<|im_end|>
<|im_start|>user
Make your first 5-letter word guess.<|im_end|>
<|im_start|>assistant
For the first guess, I want to choose a word that contains common letters to maximize the information gained. The most frequent letters in English are E, A, R, I, O, T, N, S, L, C. A good strategy is to use a word with 5 distinct common letters. 

Some good starting words include:
- ARISE
- SLATE
- CRANE
- STARE
- AROSE

I'll choose ""ARISE"" as it contains A, R, I, S, E - five very common letters that appear in many 5-letter words. This should give us good coverage to identify which letters are in the secret word and their possible positions.

<guess>ARISE</guess><|im_end|>
<|im_start|>user
Make a new 5-letter word guess.

Here is some previous feedback: 
Guess 1: ARISE -> FEEDBACK: A(x) R(x) I(x) S(-) E(-)
<|im_end|>
<|im_start|>assistant
From the feedback on ARISE:
- A, R, I are NOT in the word (x)
- S and E are in the word but in the wrong positions (-)

So the secret word:
- Contains S and E
- Does NOT contain A, R, I
- S is NOT in position 4
- E is NOT in position 5

We now need a 5-letter word that:
1. Includes both S and E
2. Excludes A, R, I
3. Has S not in position 4
4. Has E not in position 5

Good remaining common letters to try next: T, N, L, O, C, D, U, M, P, etc.

Possible candidates:
- STONE (but has R excluded, so no)
- SLATE (but A is excluded)
- SHOVE (but A is excluded)
- STONE (but O and N are good)
- STOLE (but L and O are good)
- SPOKE (but P and K are good)
- STUMP (but U and M, P are good)

Let's try STONE - it has S, T, O, N, E. It excludes A, R, I. S is in position 1 (not 4), E is in position 5 (but feedback says E is not in position 5). So that's bad.

Let's try STOLE - S, T, O, L, E. Excludes A, R, I. S is position 1 (ok), E is position 5 (still bad).

Let's try SHOVE - S, H, O, V, E. Excludes A, R, I. S is position 1 (ok), E is position 5 (still bad).

We need E not in position 5. Let's try:
- SHENT (but N, T are good)
- SENTO (but O is good)
- STONE (already saw E in 5)
- STONE is bad.

Let's try:
- STOLE - E in 5 is bad
- STONE - E in 5 is bad
- SHOVE - E in 5 is bad

Alternative: move E earlier. Try:
- ESTON (but not a word)
- STONE (E at 5)
- STOLE (E at 5)
- SHONE (E at 5)

Hmm, many words put E at 5. Let's try:
- STONE - no
- STOLE - no
- SHOVE - no

Alternative: use E in position 2 or 3.

Try:
- TENSE (but N, S, E - S is 3, E is 4)
- TENSE: T, E, N, S, E. Has two E's, but E is allowed. S is 4 (but feedback says S is not 4). So no.

Try:
- SNEST (but not a word)
- SPOKE (but P, K - but E is 4, S is 1)
- SPOKE: S, P, O, K, E. S is 1 (ok), E is 5 (bad)

Try:
- STONE - E 5 (bad)
- STOLE - E 5 (bad)
- SHONE - E 5 (bad)

Alternative: use E in position 2 or 3.

Try:
- SWEET (but T is repeated, and E is 4)
- SWEET: S, W, E, E, T. S is 1 (ok), E is 3 and 4 (ok), but has two E's.

But we don't know about W yet. Let's try SWEET.

But maybe better to avoid double letters. Let's try:
- SLOPE (but P is ok)
- SLOPE: S, L, O, P, E. S is 1 (ok), E is 5 (bad)

Try:
- SLOPE - E 5 (bad)

Try:
- SLOTE (but not a word)
- SLOTE - not valid

Try:
- SPORE (but R is excluded)
- SPORE - R is excluded

Try:
- SLOPE - E 5 (bad)

Try:
- SLOTE - not a word

Alternative: use E in position 2 or 3.

Try:
- SPOKE - E 5 (bad)
- SLOPE - E 5 (bad)
- STONE - E 5 (bad)

Let's try:
- SPOKE - no
- SLOPE - no
- STONE - no

Alternative: use E in position 2.

Try:
- SENSE (but S is 1, E is 2, N is 3, S is 4 (bad), E is 5 (bad))
- SENSE - S in 4 is bad (from feedback S is not in 4)

Try:
- SENTE (but not a word)
- SENTO (but O is good)

Try:
- SENTO: S, E, N, T, O. S is 1 (ok), E is 2 (ok), N is 3, T is 4, O is 5. This excludes A, R, I. S is not in 4, E is not in 5. This seems valid.

SENTO is a valid word (relating to the sent or a plant genus). Let's go with SENTO.

But is SENTO a valid English word? Actually, SENTO is more of a loanword from Japanese, and may not be in standard Scrabble dictionaries. Let's find a better word.

Alternative: SENTE - but not a standard word.

Try:
- SPOKE - E 5 (bad)
- SLOPE - E 5 (bad)
- STONE - E 5 (bad)

Let's try:
- SPORE - R excluded
- SLOPE - E 5 (bad)

Alternative: use E in position 3.

Try:
- STONE - E 5 (bad)
- STOLE - E 5 (bad)

Try:
- SLOTE - not a word
- SPOTE - not a word

Alternative: use E in position 2.

Try:
- SWEPT (but P, T are ok)
- SWEPT: S, W, E, P, T. S is 1 (ok), E is 3 (ok), P is 4, T is 5. This excludes A, R, I. S is not in 4, E is not in 5. This seems valid.

SWEPT is a valid English word. Let's go with SWEPT.

But we haven't used W yet, and it's a new letter. This seems like a good choice.

<guess>SWEPT</guess>

<guess>SWEPT</guess><|im_end|>
<|im_start|>user
Make a new 5-letter word guess.

Here is some previous feedback: 
Guess 1: ARISE -> FEEDBACK: A(x) R(x) I(x) S(-) E(-)
Guess 2: SWEPT -> FEEDBACK: S(-) W(x) E(✓) P(x) T(x)
<|im_end|>
<|im_start|>assistant
From the new feedback on SWEPT:
- S is in the word but NOT in position 1 (-)
- W is NOT in the word (x)
- E is in the word AND in the correct position 3 (✓)
- P is NOT in the word (x)
- T is NOT in the word (x)

So far we know:
1. Letters NOT in the word: A, R, I, W, P, T
2. Letters confirmed IN the word: S, E (with E fixed at position 3)
3. S is not in position 1 or 4 (from ARISE and SWEPT feedback)
4. E is in position 3 (✓)

We need a 5-letter word that:
- Has E in position 3
- Contains S somewhere (positions 2 or 5 since 1 and 4 are excluded)
- Does NOT contain A, R, I, W, P, T
- Uses remaining common letters: B, C, D, F, G, H, K, L, M, N, O, U, Y

Possible remaining letters: B, C, D, F, G, H, K, L, M, N, O, U, Y, S, E

Since E is fixed at position 3, the word structure is: _ _ E _ _

S must be in position 2 or 5.

Let's try position 2: _ S E _ _
We need two more letters from the allowed set, avoiding duplicates.

Possible candidates:
- BSE__ (but need valid words)
- CSE__ (but need valid words)
- DSE__ (but need valid words)
- FSE__ (but need valid words)
- GSE__ (but need valid words)
- HSE__ (but need valid words)
- KSE__ (but need valid words)
- LSE__ (but need valid words)
- MSE__ (but need valid words)
- NSE__ (but need valid words)
- OSE__ (but need valid words)
- US__E (but need valid words)
- YSE__ (but need valid words)

Looking for valid words:
- BESOM (but O is allowed, M is allowed)
- CEDER (but R is excluded)
- DENSE (but N is allowed, S is allowed)
- FUSED (but U is allowed, D is allowed)
- GESHE (but H is allowed)
- HESSE (but S is allowed)
- KESSE (but S is allowed)
- LESSE (but L is allowed)
- MENSE (but M is allowed)
- NESTS (but T is excluded)
- OESIS (but I is excluded)
- USENS (but N is allowed)
- YESSY (but Y is allowed)

Valid candidates:
- BESOM (B, E, S, O, M) - but S is in position 3, which is E's position - no
- DENSE (D, E, N, S, E) - but E is position 3, so this would be D E N S E - but E is position 2 and 5 - but we only have one E confirmed
- FUSED (F, U, S, E, D) - this has E in position 4, but we know E must be in position 3 - no
- HESSE (H, E, S, S, E) - E in position 2 and 5 - no
- KESSE - same issue
- LESSE - same issue
- MENSE - same issue
- NESTS - T is excluded
- OESIS - I is excluded
- USENS - N is allowed, but word is U S E N S - this has E in position 3, S in position 2 and 5 - but we only know S is in word once (since feedback was single S in ARISE)

Actually, the feedback only tells us about the presence of S and E, not the count. So multiple S's are possible.

But let's look for words with E in position 3 and S in position 2 or 5.

Looking at position 5:
_ _ E _ S
Possible letters: B, C, D, F, G, H, K, L, M, N, O, U, Y

Valid words:
- BONES (B, O, N, E, S) - but O is allowed, N is allowed, E is position 4 - no
- COMES (C, O, M, E, S) - E is position 4 - no
- DONGS (but G is allowed, S is position 5)
- FONDS (F, O, N, D, S) - E is missing
- GONDS - not a word
- HONDS - not a word
- KONDS - not a word
- LONDS - not a word
- MONGS - but M, O, N, G, S - E is missing
- NONE - but N, O, N, E - but E is position 4
- ONGES - not a word
- UNGES - not a word
- YONKS - but K is allowed, Y is allowed, N is allowed, but E is missing

This seems tricky. Let's try position 2:
_ S E _ _
Possible words:
- BESOM (B, E, S, O, M) - but E is position 2, not 3
- CEDER - R excluded
- DENSE (D, E, N, S, E) - E in position 2 and 5
- FUSED - E in position 4
- GESHE - E in position 2 and 5
- HESSE - E in position 2 and 5
- KESSE - same
- LESSE - same
- MENSE - same
- NESTS - T excluded
- OESIS - I excluded
- USENS - E in position 3, S in position 2 and 5
- YESSY - Y, E, S, S, Y - E in position 2

USENS seems closest:
U, S, E, N, S
- E is in position 3 (correct)
- S is in position 2 and 5 - but feedback only said S is in word, not how many times
- U, N are allowed
- No excluded letters

But is USENS a valid word? It's a variant of ""uses"" but not common.

Alternative: YESSY - but Y is allowed, E is position 2 - no

Alternative: look for words with E in position 3 and S in position 5:
_ _ E _ S
Possible:
- BONES - E in 4
- COMES - E in 4
- DONGS - E missing
- FONDS - E missing
- GONDS - E missing
- HONDS - E missing
- KONDS - E missing
- LONDS - E missing
- MONGS - E missing
- NONE - E in 4
- ONGES - not a word
- UNGES - not a word
- YONKS - E missing

This path seems hard. Let's try position 2 again with valid words:

Valid words with E in position 3 and S in position 2 or 5:
- BESOM - E in 2
- CEDER - R excluded
- DENSE - E in 2 and 5
- FUSED - E in 4
- GESHE - E in 2 and 5
- HESSE - E in 2 and 5
- KESSE - E in 2 and 5
- LESSE - E in 2 and 5
- MENSE - E in 2 and 5
- NESTS - T excluded
- OESIS - I excluded
- USENS - E in 3, S in 2 and 5
- YESSY - E in 2

USENS seems the closest, but let's verify:
USENS: U, S, E, N, S
- E is in position 3 (correct)
- S is in positions 2 and 5 - but feedback only confirmed S is in word, not ruling out duplicates
- U, N are allowed
- No excluded letters

This seems acceptable.

<guess>USENS</guess>Based on the feedback:
- E is confirmed in position 3
- S is in the word but not in positions 1 or 4
- Excluded letters: A, R, I, W, P, T
- Remaining valid word: USENS (U, S, E, N, S)

<guess>USENS</guess><|im_end|>
<|im_start|>user
Make a new 5-letter word guess.

Here is some previous feedback: 
Guess 1: ARISE -> FEEDBACK: A(x) R(x) I(x) S(-) E(-)
Guess 2: SWEPT -> FEEDBACK: S(-) W(x) E(✓) P(x) T(x)
Guess 3: USENS -> FEEDBACK: U(x) S(-) E(✓) N(x) S(✓)
<|im_end|>
<|im_start|>assistant
Let's summarize what we now know after three guesses.

Letters NOT in the word (✗):
A, R, I, W, P, T, U, N

Letters that ARE in the word (✓):
E (and it is in position 3)
S (and it is in position 5, because the last S in USENS got ✓)

So the word looks like: _ _ E _ S

Letters still allowed: B, C, D, F, G, H, K, L, M, O, V, Y (plus any others not yet ruled out)

We need a valid 5-letter English word that ends in “ES” and has no letters from the banned list.

Possible endings: _ _ E _ S

Let’s list some candidates:
- BESOM  (B, E, S, O, M) – but E is 2nd, needs 3rd
- COMES  (C, O, M, E, S) – E is 4th, needs 3rd
- DENSE  (D, E, N, S, E) – N is banned
- FUSED  (F, U, S, E, D) – U is banned
- GESHE  (G, E, S, H, E) – E is 2nd and 5th, but we need E only in 3rd
- HESSE  (H, E, S, S, E) – same E placement issue
- KESSE  – same
- LESSE  – same
- MENSE  – N banned
- OESIS  (O, E, S, I, S) – I banned
- VESSE  – not a common word
- YESHS  – Y, E, S, H, S – E is 2nd
- BOGES  (B, O, G, E, S) – O, G allowed
- COGES  – not common
- DOGES  – D, O, G, E, S – all allowed
- FOGES  – not common
- GOES_  – needs 5 letters
- HOGES  – not common
- JOGES  – J not yet banned, but rare
- LOGES  – not common
- MOGES  – not common
- NOGES  – N banned
- POGES  – P banned
- ROGES  – R banned
- TOGES  – T banned
- VOGES  – V allowed
- WOGES  – W banned
- YOGES  – Y allowed, but Y is 1st, E 3rd, S 5th

The most common valid word fitting _ _ E _ S with no banned letters is “DOES_” but we need 5 letters. Actually, “DOES” is 4 letters.

Looking again, the valid 5-letter word is “BOGES” (B, O, G, E, S) – but is it common? Maybe not.

Another is “GOES_” – no 5-letter.

Wait, let’s think differently: _ _ E _ S with allowed letters.

Common words:
- BOGES – uncommon
- COGES – uncommon
- DOGES – as in “doges” plural of doge (rare)
- HOLES – L allowed, but E is 3rd, S 5th – but O is 4th
- LOLES – L, O allowed
- MOLES – M, O, L, E, S – all allowed
- POLES – P banned
- ROLES – R banned
- TOLES – T banned
- VOLES – V, O, L, E, S – all allowed
- YODES – Y, O, D, E, S – all allowed
- ZODES – Z not yet banned, but rare

Among these, “MOLES” and “VOLES” and “YODES” are valid.

“MOLES” is a common word.

Let’s choose MOLES.

Check:
M, O, L, E, S – none in banned list, E in 3rd, S in 5th, and no banned letters.

<guess>MOLES</guess><|im_end|>
<|im_start|>user
Make a new 5-letter word guess.

Here is some previous feedback: 
Guess 1: ARISE -> FEEDBACK: A(x) R(x) I(x) S(-) E(-)
Guess 2: SWEPT -> FEEDBACK: S(-) W(x) E(✓) P(x) T(x)
Guess 3: USENS -> FEEDBACK: U(x) S(-) E(✓) N(x) S(✓)
Guess 4: MOLES -> FEEDBACK: M(x) O(x) L(x) E(-) S(✓)
<|im_end|>
<|im_start|>assistant
Let’s consolidate everything we now know.

Letters that are **not** in the word (✗):
A, R, I, W, P, T, U, N, M, O, L

Letters that **are** in the word and their positions:
- E – must be in position 3 (✓ from Guess 2 and confirmed in Guess 4)
- S – must be in position 5 (✓ from Guess 3)

So the pattern is: _ _ E _ S

Letters still **allowed** (have not been ruled out):
B, C, D, F, G, H, J, K, Q, V, X, Y, Z (plus any others not listed above)

We need a valid 5-letter English word that ends in “ES” and uses only the allowed letters in positions 1 and 2.

Common English words ending in “ES” with no banned letters:
- BESOM – but E is 2nd, not 3rd
- CEDER – R banned
- DENSE – N banned
- FUSED – U banned
- GESHE – E is 2nd and 5th
- HESSE – same
- KESSE – same
- LESSE – same
- VESSE – not a word
- YESHS – Y, E, S, H, S – E is 2nd
- BOGES – B, O, G, E, S – O banned
- COGES – O banned
- DOGES – O banned
- FOGES – O banned
- GOES_ – no 5-letter
- HOGES – not common
- JOGES – J uncommon
- LOGES – not common
- NOGES – N banned
- POGES – P banned
- ROGES – R banned
- TOGES – T banned
- VOLES – V, O, L, E, S – O and L banned
- YODES – O banned
- ZODES – O banned

The only remaining common 5-letter word that fits _ _ E _ S with allowed letters is “HESSE” but E appears twice and is in wrong positions. Actually, none of the obvious words fit.

Wait, let’s list all possible combinations with remaining letters:

Allowed first two letters: B, C, D, F, G, H, J, K, Q, V, X, Y, Z

We need two letters from that set, followed by E and ending with S.

Possible candidates:
- BESOM – E is 2nd
- CEDER – R banned
- DENSE – N banned
- FUSED – U banned
- GESHE – E is 2nd
- HESSE – E is 2nd and 5th
- KESSE – E is 2nd
- LESSE – E is 2nd
- VESSE – not a word
- YESHS – E is 2nd
- BOGES – O banned
- COGES – O banned
- DOGES – O banned
- FOGES – O banned
- GOES_ – no 5-letter
- HOLES – L banned
- JOLES – L banned
- KOLES – L banned
- QOLES – L banned
- VOLES – L banned
- YODES – O banned
- ZODES – O banned

It appears the only valid word left is “HESSE”, but it has E in 2nd position which conflicts with our requirement of E in 3rd. This suggests we may have missed a word or need to reconsider.

However, “HESSE” is not a valid 5-letter English word. Similarly, “KESSE”, “LESSE”, etc., are not common.

Upon closer inspection, the valid word fitting _ _ E _ S with allowed letters is “HESSE” (a surname), but it’s not in standard dictionaries.

Let’s check “JESSE” – J, E, S, S, E – E is 2nd and 5th
“KESSE” – same issue
“YESHS” – E is 2nd

Realizing we missed “JESSE” is actually a valid 5-letter word (a biblical name), but it has E in 2nd position.

This indicates we need to look for words where E is 3rd and S is 5th, with allowed letters in 1st and 2nd.

The only remaining valid word is “HESSE” (as a proper noun), but it’s not standard.

Rechecking the allowed letters and pattern, the correct word is “HESSE”.

But to ensure we have a standard word, let’s reconsider: are there any other 5-letter words ending in “ES” with E in 3rd and S in 5th, using allowed letters?

The word “HESSE” is the only possible candidate.

Therefore, the next logical guess is “HESSE”.

<guess>HESSE</guess><|im_end|>
<|im_start|>user
Make a new 5-letter word guess.

Here is some previous feedback: 
Guess 1: ARISE -> FEEDBACK: A(x) R(x) I(x) S(-) E(-)
Guess 2: SWEPT -> FEEDBACK: S(-) W(x) E(✓) P(x) T(x)
Guess 3: USENS -> FEEDBACK: U(x) S(-) E(✓) N(x) S(✓)
Guess 4: MOLES -> FEEDBACK: M(x) O(x) L(x) E(-) S(✓)
Guess 5: HESSE -> FEEDBACK: H(-) E(-) S(-) S(-) E(-)
<|im_end|>
<|im_start|>assistant
","[{'role': 'system', 'content': '### Game Rules:\n- You have **6 tries** to guess a secret **5-letter** word.\n- Each guess must be a valid **5-letter English word**.\n- After each guess, you will receive feedback indicating how close your guess was.\n\n### Feedback Format:\nEach letter in your guess will receive one of three symbols:\n1. ✓ : The letter is in the word and in the CORRECT position.\n2. - : The letter is in the word but in the WRONG position.\n3. x : The letter is NOT in the word.\n\n### Example:\nSecret Word: BRISK\n\nGuess 1: STORM -> Feedback: S(-) T(x) O(x) R(-) M(x)\nGuess 2: BRAVE -> Feedback: B(✓) R(✓) A(x) V(x) E(x)\nGuess 3: BRISK -> Feedback: B(✓) R(✓) I(✓) S(✓) K(✓)\n\n### Response Format:\nThink through the problem and feedback step by step. Make sure to first add your step-by-step thought process within <think> </think> tags. Then, return your guessed word in the following format: <guess> guessed-word </guess>.\n'}, {'role': 'user', 'content': 'Make your first 5-letter word guess.'}, {'role': 'assistant', 'content': 'For the first guess, I want to choose a word that contains common letters to maximize the information gained. The most frequent letters in English are E, A, R, I, O, T, N, S, L, C. A good strategy is to use a word with 5 distinct common letters. \n\nSome good starting words include:\n- ARISE\n- SLATE\n- CRANE\n- STARE\n- AROSE\n\nI\'ll choose ""ARISE"" as it contains A, R, I, S, E - five very common letters that appear in many 5-letter words. This should give us good coverage to identify which letters are in the secret word and their possible positions.\n\n<guess>ARISE</guess>'}, {'role': 'user', 'content': 'Make a new 5-letter word guess.\n\nHere is some previous feedback: \nGuess 1: ARISE -> FEEDBACK: A(x) R(x) I(x) S(-) E(-)\n'}, {'role': 'assistant', 'content': ""From the feedback on ARISE:\n- A, R, I are NOT in the word (x)\n- S and E are in the word but in the wrong positions (-)\n\nSo the secret word:\n- Contains S and E\n- Does NOT contain A, R, I\n- S is NOT in position 4\n- E is NOT in position 5\n\nWe now need a 5-letter word that:\n1. Includes both S and E\n2. Excludes A, R, I\n3. Has S not in position 4\n4. Has E not in position 5\n\nGood remaining common letters to try next: T, N, L, O, C, D, U, M, P, etc.\n\nPossible candidates:\n- STONE (but has R excluded, so no)\n- SLATE (but A is excluded)\n- SHOVE (but A is excluded)\n- STONE (but O and N are good)\n- STOLE (but L and O are good)\n- SPOKE (but P and K are good)\n- STUMP (but U and M, P are good)\n\nLet's try STONE - it has S, T, O, N, E. It excludes A, R, I. S is in position 1 (not 4), E is in position 5 (but feedback says E is not in position 5). So that's bad.\n\nLet's try STOLE - S, T, O, L, E. Excludes A, R, I. S is position 1 (ok), E is position 5 (still bad).\n\nLet's try SHOVE - S, H, O, V, E. Excludes A, R, I. S is position 1 (ok), E is position 5 (still bad).\n\nWe need E not in position 5. Let's try:\n- SHENT (but N, T are good)\n- SENTO (but O is good)\n- STONE (already saw E in 5)\n- STONE is bad.\n\nLet's try:\n- STOLE - E in 5 is bad\n- STONE - E in 5 is bad\n- SHOVE - E in 5 is bad\n\nAlternative: move E earlier. Try:\n- ESTON (but not a word)\n- STONE (E at 5)\n- STOLE (E at 5)\n- SHONE (E at 5)\n\nHmm, many words put E at 5. Let's try:\n- STONE - no\n- STOLE - no\n- SHOVE - no\n\nAlternative: use E in position 2 or 3.\n\nTry:\n- TENSE (but N, S, E - S is 3, E is 4)\n- TENSE: T, E, N, S, E. Has two E's, but E is allowed. S is 4 (but feedback says S is not 4). So no.\n\nTry:\n- SNEST (but not a word)\n- SPOKE (but P, K - but E is 4, S is 1)\n- SPOKE: S, P, O, K, E. S is 1 (ok), E is 5 (bad)\n\nTry:\n- STONE - E 5 (bad)\n- STOLE - E 5 (bad)\n- SHONE - E 5 (bad)\n\nAlternative: use E in position 2 or 3.\n\nTry:\n- SWEET (but T is repeated, and E is 4)\n- SWEET: S, W, E, E, T. S is 1 (ok), E is 3 and 4 (ok), but has two E's.\n\nBut we don't know about W yet. Let's try SWEET.\n\nBut maybe better to avoid double letters. Let's try:\n- SLOPE (but P is ok)\n- SLOPE: S, L, O, P, E. S is 1 (ok), E is 5 (bad)\n\nTry:\n- SLOPE - E 5 (bad)\n\nTry:\n- SLOTE (but not a word)\n- SLOTE - not valid\n\nTry:\n- SPORE (but R is excluded)\n- SPORE - R is excluded\n\nTry:\n- SLOPE - E 5 (bad)\n\nTry:\n- SLOTE - not a word\n\nAlternative: use E in position 2 or 3.\n\nTry:\n- SPOKE - E 5 (bad)\n- SLOPE - E 5 (bad)\n- STONE - E 5 (bad)\n\nLet's try:\n- SPOKE - no\n- SLOPE - no\n- STONE - no\n\nAlternative: use E in position 2.\n\nTry:\n- SENSE (but S is 1, E is 2, N is 3, S is 4 (bad), E is 5 (bad))\n- SENSE - S in 4 is bad (from feedback S is not in 4)\n\nTry:\n- SENTE (but not a word)\n- SENTO (but O is good)\n\nTry:\n- SENTO: S, E, N, T, O. S is 1 (ok), E is 2 (ok), N is 3, T is 4, O is 5. This excludes A, R, I. S is not in 4, E is not in 5. This seems valid.\n\nSENTO is a valid word (relating to the sent or a plant genus). Let's go with SENTO.\n\nBut is SENTO a valid English word? Actually, SENTO is more of a loanword from Japanese, and may not be in standard Scrabble dictionaries. Let's find a better word.\n\nAlternative: SENTE - but not a standard word.\n\nTry:\n- SPOKE - E 5 (bad)\n- SLOPE - E 5 (bad)\n- STONE - E 5 (bad)\n\nLet's try:\n- SPORE - R excluded\n- SLOPE - E 5 (bad)\n\nAlternative: use E in position 3.\n\nTry:\n- STONE - E 5 (bad)\n- STOLE - E 5 (bad)\n\nTry:\n- SLOTE - not a word\n- SPOTE - not a word\n\nAlternative: use E in position 2.\n\nTry:\n- SWEPT (but P, T are ok)\n- SWEPT: S, W, E, P, T. S is 1 (ok), E is 3 (ok), P is 4, T is 5. This excludes A, R, I. S is not in 4, E is not in 5. This seems valid.\n\nSWEPT is a valid English word. Let's go with SWEPT.\n\nBut we haven't used W yet, and it's a new letter. This seems like a good choice.\n\n<guess>SWEPT</guess>\n\n<guess>SWEPT</guess>""}, {'role': 'user', 'content': 'Make a new 5-letter word guess.\n\nHere is some previous feedback: \nGuess 1: ARISE -> FEEDBACK: A(x) R(x) I(x) S(-) E(-)\nGuess 2: SWEPT -> FEEDBACK: S(-) W(x) E(✓) P(x) T(x)\n'}, {'role': 'assistant', 'content': 'From the new feedback on SWEPT:\n- S is in the word but NOT in position 1 (-)\n- W is NOT in the word (x)\n- E is in the word AND in the correct position 3 (✓)\n- P is NOT in the word (x)\n- T is NOT in the word (x)\n\nSo far we know:\n1. Letters NOT in the word: A, R, I, W, P, T\n2. Letters confirmed IN the word: S, E (with E fixed at position 3)\n3. S is not in position 1 or 4 (from ARISE and SWEPT feedback)\n4. E is in position 3 (✓)\n\nWe need a 5-letter word that:\n- Has E in position 3\n- Contains S somewhere (positions 2 or 5 since 1 and 4 are excluded)\n- Does NOT contain A, R, I, W, P, T\n- Uses remaining common letters: B, C, D, F, G, H, K, L, M, N, O, U, Y\n\nPossible remaining letters: B, C, D, F, G, H, K, L, M, N, O, U, Y, S, E\n\nSince E is fixed at position 3, the word structure is: _ _ E _ _\n\nS must be in position 2 or 5.\n\nLet\'s try position 2: _ S E _ _\nWe need two more letters from the allowed set, avoiding duplicates.\n\nPossible candidates:\n- BSE__ (but need valid words)\n- CSE__ (but need valid words)\n- DSE__ (but need valid words)\n- FSE__ (but need valid words)\n- GSE__ (but need valid words)\n- HSE__ (but need valid words)\n- KSE__ (but need valid words)\n- LSE__ (but need valid words)\n- MSE__ (but need valid words)\n- NSE__ (but need valid words)\n- OSE__ (but need valid words)\n- US__E (but need valid words)\n- YSE__ (but need valid words)\n\nLooking for valid words:\n- BESOM (but O is allowed, M is allowed)\n- CEDER (but R is excluded)\n- DENSE (but N is allowed, S is allowed)\n- FUSED (but U is allowed, D is allowed)\n- GESHE (but H is allowed)\n- HESSE (but S is allowed)\n- KESSE (but S is allowed)\n- LESSE (but L is allowed)\n- MENSE (but M is allowed)\n- NESTS (but T is excluded)\n- OESIS (but I is excluded)\n- USENS (but N is allowed)\n- YESSY (but Y is allowed)\n\nValid candidates:\n- BESOM (B, E, S, O, M) - but S is in position 3, which is E\'s position - no\n- DENSE (D, E, N, S, E) - but E is position 3, so this would be D E N S E - but E is position 2 and 5 - but we only have one E confirmed\n- FUSED (F, U, S, E, D) - this has E in position 4, but we know E must be in position 3 - no\n- HESSE (H, E, S, S, E) - E in position 2 and 5 - no\n- KESSE - same issue\n- LESSE - same issue\n- MENSE - same issue\n- NESTS - T is excluded\n- OESIS - I is excluded\n- USENS - N is allowed, but word is U S E N S - this has E in position 3, S in position 2 and 5 - but we only know S is in word once (since feedback was single S in ARISE)\n\nActually, the feedback only tells us about the presence of S and E, not the count. So multiple S\'s are possible.\n\nBut let\'s look for words with E in position 3 and S in position 2 or 5.\n\nLooking at position 5:\n_ _ E _ S\nPossible letters: B, C, D, F, G, H, K, L, M, N, O, U, Y\n\nValid words:\n- BONES (B, O, N, E, S) - but O is allowed, N is allowed, E is position 4 - no\n- COMES (C, O, M, E, S) - E is position 4 - no\n- DONGS (but G is allowed, S is position 5)\n- FONDS (F, O, N, D, S) - E is missing\n- GONDS - not a word\n- HONDS - not a word\n- KONDS - not a word\n- LONDS - not a word\n- MONGS - but M, O, N, G, S - E is missing\n- NONE - but N, O, N, E - but E is position 4\n- ONGES - not a word\n- UNGES - not a word\n- YONKS - but K is allowed, Y is allowed, N is allowed, but E is missing\n\nThis seems tricky. Let\'s try position 2:\n_ S E _ _\nPossible words:\n- BESOM (B, E, S, O, M) - but E is position 2, not 3\n- CEDER - R excluded\n- DENSE (D, E, N, S, E) - E in position 2 and 5\n- FUSED - E in position 4\n- GESHE - E in position 2 and 5\n- HESSE - E in position 2 and 5\n- KESSE - same\n- LESSE - same\n- MENSE - same\n- NESTS - T excluded\n- OESIS - I excluded\n- USENS - E in position 3, S in position 2 and 5\n- YESSY - Y, E, S, S, Y - E in position 2\n\nUSENS seems closest:\nU, S, E, N, S\n- E is in position 3 (correct)\n- S is in position 2 and 5 - but feedback only said S is in word, not how many times\n- U, N are allowed\n- No excluded letters\n\nBut is USENS a valid word? It\'s a variant of ""uses"" but not common.\n\nAlternative: YESSY - but Y is allowed, E is position 2 - no\n\nAlternative: look for words with E in position 3 and S in position 5:\n_ _ E _ S\nPossible:\n- BONES - E in 4\n- COMES - E in 4\n- DONGS - E missing\n- FONDS - E missing\n- GONDS - E missing\n- HONDS - E missing\n- KONDS - E missing\n- LONDS - E missing\n- MONGS - E missing\n- NONE - E in 4\n- ONGES - not a word\n- UNGES - not a word\n- YONKS - E missing\n\nThis path seems hard. Let\'s try position 2 again with valid words:\n\nValid words with E in position 3 and S in position 2 or 5:\n- BESOM - E in 2\n- CEDER - R excluded\n- DENSE - E in 2 and 5\n- FUSED - E in 4\n- GESHE - E in 2 and 5\n- HESSE - E in 2 and 5\n- KESSE - E in 2 and 5\n- LESSE - E in 2 and 5\n- MENSE - E in 2 and 5\n- NESTS - T excluded\n- OESIS - I excluded\n- USENS - E in 3, S in 2 and 5\n- YESSY - E in 2\n\nUSENS seems the closest, but let\'s verify:\nUSENS: U, S, E, N, S\n- E is in position 3 (correct)\n- S is in positions 2 and 5 - but feedback only confirmed S is in word, not ruling out duplicates\n- U, N are allowed\n- No excluded letters\n\nThis seems acceptable.\n\n<guess>USENS</guess>Based on the feedback:\n- E is confirmed in position 3\n- S is in the word but not in positions 1 or 4\n- Excluded letters: A, R, I, W, P, T\n- Remaining valid word: USENS (U, S, E, N, S)\n\n<guess>USENS</guess>'}, {'role': 'user', 'content': 'Make a new 5-letter word guess.\n\nHere is some previous feedback: \nGuess 1: ARISE -> FEEDBACK: A(x) R(x) I(x) S(-) E(-)\nGuess 2: SWEPT -> FEEDBACK: S(-) W(x) E(✓) P(x) T(x)\nGuess 3: USENS -> FEEDBACK: U(x) S(-) E(✓) N(x) S(✓)\n'}, {'role': 'assistant', 'content': ""Let's summarize what we now know after three guesses.\n\nLetters NOT in the word (✗):\nA, R, I, W, P, T, U, N\n\nLetters that ARE in the word (✓):\nE (and it is in position 3)\nS (and it is in position 5, because the last S in USENS got ✓)\n\nSo the word looks like: _ _ E _ S\n\nLetters still allowed: B, C, D, F, G, H, K, L, M, O, V, Y (plus any others not yet ruled out)\n\nWe need a valid 5-letter English word that ends in “ES” and has no letters from the banned list.\n\nPossible endings: _ _ E _ S\n\nLet’s list some candidates:\n- BESOM  (B, E, S, O, M) – but E is 2nd, needs 3rd\n- COMES  (C, O, M, E, S) – E is 4th, needs 3rd\n- DENSE  (D, E, N, S, E) – N is banned\n- FUSED  (F, U, S, E, D) – U is banned\n- GESHE  (G, E, S, H, E) – E is 2nd and 5th, but we need E only in 3rd\n- HESSE  (H, E, S, S, E) – same E placement issue\n- KESSE  – same\n- LESSE  – same\n- MENSE  – N banned\n- OESIS  (O, E, S, I, S) – I banned\n- VESSE  – not a common word\n- YESHS  – Y, E, S, H, S – E is 2nd\n- BOGES  (B, O, G, E, S) – O, G allowed\n- COGES  – not common\n- DOGES  – D, O, G, E, S – all allowed\n- FOGES  – not common\n- GOES_  – needs 5 letters\n- HOGES  – not common\n- JOGES  – J not yet banned, but rare\n- LOGES  – not common\n- MOGES  – not common\n- NOGES  – N banned\n- POGES  – P banned\n- ROGES  – R banned\n- TOGES  – T banned\n- VOGES  – V allowed\n- WOGES  – W banned\n- YOGES  – Y allowed, but Y is 1st, E 3rd, S 5th\n\nThe most common valid word fitting _ _ E _ S with no banned letters is “DOES_” but we need 5 letters. Actually, “DOES” is 4 letters.\n\nLooking again, the valid 5-letter word is “BOGES” (B, O, G, E, S) – but is it common? Maybe not.\n\nAnother is “GOES_” – no 5-letter.\n\nWait, let’s think differently: _ _ E _ S with allowed letters.\n\nCommon words:\n- BOGES – uncommon\n- COGES – uncommon\n- DOGES – as in “doges” plural of doge (rare)\n- HOLES – L allowed, but E is 3rd, S 5th – but O is 4th\n- LOLES – L, O allowed\n- MOLES – M, O, L, E, S – all allowed\n- POLES – P banned\n- ROLES – R banned\n- TOLES – T banned\n- VOLES – V, O, L, E, S – all allowed\n- YODES – Y, O, D, E, S – all allowed\n- ZODES – Z not yet banned, but rare\n\nAmong these, “MOLES” and “VOLES” and “YODES” are valid.\n\n“MOLES” is a common word.\n\nLet’s choose MOLES.\n\nCheck:\nM, O, L, E, S – none in banned list, E in 3rd, S in 5th, and no banned letters.\n\n<guess>MOLES</guess>""}, {'role': 'user', 'content': 'Make a new 5-letter word guess.\n\nHere is some previous feedback: \nGuess 1: ARISE -> FEEDBACK: A(x) R(x) I(x) S(-) E(-)\nGuess 2: SWEPT -> FEEDBACK: S(-) W(x) E(✓) P(x) T(x)\nGuess 3: USENS -> FEEDBACK: U(x) S(-) E(✓) N(x) S(✓)\nGuess 4: MOLES -> FEEDBACK: M(x) O(x) L(x) E(-) S(✓)\n'}, {'role': 'assistant', 'content': 'Let’s consolidate everything we now know.\n\nLetters that are **not** in the word (✗):\nA, R, I, W, P, T, U, N, M, O, L\n\nLetters that **are** in the word and their positions:\n- E – must be in position 3 (✓ from Guess 2 and confirmed in Guess 4)\n- S – must be in position 5 (✓ from Guess 3)\n\nSo the pattern is: _ _ E _ S\n\nLetters still **allowed** (have not been ruled out):\nB, C, D, F, G, H, J, K, Q, V, X, Y, Z (plus any others not listed above)\n\nWe need a valid 5-letter English word that ends in “ES” and uses only the allowed letters in positions 1 and 2.\n\nCommon English words ending in “ES” with no banned letters:\n- BESOM – but E is 2nd, not 3rd\n- CEDER – R banned\n- DENSE – N banned\n- FUSED – U banned\n- GESHE – E is 2nd and 5th\n- HESSE – same\n- KESSE – same\n- LESSE – same\n- VESSE – not a word\n- YESHS – Y, E, S, H, S – E is 2nd\n- BOGES – B, O, G, E, S – O banned\n- COGES – O banned\n- DOGES – O banned\n- FOGES – O banned\n- GOES_ – no 5-letter\n- HOGES – not common\n- JOGES – J uncommon\n- LOGES – not common\n- NOGES – N banned\n- POGES – P banned\n- ROGES – R banned\n- TOGES – T banned\n- VOLES – V, O, L, E, S – O and L banned\n- YODES – O banned\n- ZODES – O banned\n\nThe only remaining common 5-letter word that fits _ _ E _ S with allowed letters is “HESSE” but E appears twice and is in wrong positions. Actually, none of the obvious words fit.\n\nWait, let’s list all possible combinations with remaining letters:\n\nAllowed first two letters: B, C, D, F, G, H, J, K, Q, V, X, Y, Z\n\nWe need two letters from that set, followed by E and ending with S.\n\nPossible candidates:\n- BESOM – E is 2nd\n- CEDER – R banned\n- DENSE – N banned\n- FUSED – U banned\n- GESHE – E is 2nd\n- HESSE – E is 2nd and 5th\n- KESSE – E is 2nd\n- LESSE – E is 2nd\n- VESSE – not a word\n- YESHS – E is 2nd\n- BOGES – O banned\n- COGES – O banned\n- DOGES – O banned\n- FOGES – O banned\n- GOES_ – no 5-letter\n- HOLES – L banned\n- JOLES – L banned\n- KOLES – L banned\n- QOLES – L banned\n- VOLES – L banned\n- YODES – O banned\n- ZODES – O banned\n\nIt appears the only valid word left is “HESSE”, but it has E in 2nd position which conflicts with our requirement of E in 3rd. This suggests we may have missed a word or need to reconsider.\n\nHowever, “HESSE” is not a valid 5-letter English word. Similarly, “KESSE”, “LESSE”, etc., are not common.\n\nUpon closer inspection, the valid word fitting _ _ E _ S with allowed letters is “HESSE” (a surname), but it’s not in standard dictionaries.\n\nLet’s check “JESSE” – J, E, S, S, E – E is 2nd and 5th\n“KESSE” – same issue\n“YESHS” – E is 2nd\n\nRealizing we missed “JESSE” is actually a valid 5-letter word (a biblical name), but it has E in 2nd position.\n\nThis indicates we need to look for words where E is 3rd and S is 5th, with allowed letters in 1st and 2nd.\n\nThe only remaining valid word is “HESSE” (as a proper noun), but it’s not standard.\n\nRechecking the allowed letters and pattern, the correct word is “HESSE”.\n\nBut to ensure we have a standard word, let’s reconsider: are there any other 5-letter words ending in “ES” with E in 3rd and S in 5th, using allowed letters?\n\nThe word “HESSE” is the only possible candidate.\n\nTherefore, the next logical guess is “HESSE”.\n\n<guess>HESSE</guess>'}, {'role': 'user', 'content': 'Make a new 5-letter word guess.\n\nHere is some previous feedback: \nGuess 1: ARISE -> FEEDBACK: A(x) R(x) I(x) S(-) E(-)\nGuess 2: SWEPT -> FEEDBACK: S(-) W(x) E(✓) P(x) T(x)\nGuess 3: USENS -> FEEDBACK: U(x) S(-) E(✓) N(x) S(✓)\nGuess 4: MOLES -> FEEDBACK: M(x) O(x) L(x) E(-) S(✓)\nGuess 5: HESSE -> FEEDBACK: H(-) E(-) S(-) S(-) E(-)\n'}]","<think>
Let’s re-express the constraints after every guess.

1. ARISE → A(x) R(x) I(x) S(-) E(-)
   - Letters NOT in word: A, R, I
   - S and E are in the word but not in positions 4 and 5 respectively.

2. SWEPT → S(-) W(x) E(✓) P(x) T(x)
   - W, P, T are NOT in the word.
   - E is in position 3 (✓).
   - S is in the word but NOT in position 1.

3. USENS → U(x) S(-) E(✓) N(x) S(✓)
   - U and N are NOT in the word.
   - S is in the word but NOT in positions 2 or 5.
   - The second S in position 5 is in the correct spot (✓).

4. MOLES → M(x) O(x) L(x) E(-) S(✓)
   - M, O, L are NOT in the word.
   - E is in the word but NOT in position 4 (but we already know from step 2 it’s in position 3).
   - S is in position 5 (✓).

5. HESSE → H(-) E(-) S(-) S(-) E(-)
   - H is in the word but NOT in position 1.
   - E is in the word but NOT in position 2 (but we know it’s in position 3).
   - S is in the word but NOT in position 4 (but we already know it’s in position 5).
   - The second S in position 4 is NOT in the word.

Current constraints:
- Word pattern: _ _ E _ S
- Letters NOT in word: A, R, I, W, P, T, U, N, M, O, L
- Letters still allowed: B, C, D, F, G, H, J, K, Q, V, X, Y, Z
- Additional positional info:
  - H is in the word but NOT in position 1.
  - S is in position 5 (fixed).
  - E is in position 3 (fixed).

We need a 5-letter word of the form _ _ E _ S using only the allowed letters and with H somewhere in positions 2 or 3 or 4, but position 3 is E, position 5 is S, so H must be in position 2 or 4.

Possible patterns:
- _ H E _ S
- _ _ E H S

Looking for valid 5-letter English words:

1. _ H E _ S
   - B H E _ S → BHES_ (no common word)
   - C H E _ S → CHESS (C, H, E, S, S) – but S is already in position 5, and this has another S in 4th which we know is not in word (from HESSE feedback)
   - D H E _ S → DHES_ (no word)
   - F H E _ S → FHES_ (no word)
   - G H E _ S → GHES_ (no word)
   - V H E _ S → VHES_ (no word)
   - Y H E _ S → YHES_ (no word)

2. _ _ E H S
   - B _ E H S → B E E H S (invalid)
   - C _ E H S → C E E H S (invalid)
   - D _ E H S → D E E H S (invalid)
   - F _ E H S → F E E H S (invalid)
   - G _ E H S → G E E H S (invalid)
   - V _ E H S → V E E H S (invalid)
   - Y _ E H S → Y E E H S (invalid)

None of these patterns yield a valid English word. This suggests we might have missed a letter or need to reconsider.

Rechecking the allowed letters and constraints, the only remaining possibility is ""JESSE"" (but it has E in position 2, which conflicts), or ""KESSE"" (same issue). 

Realizing the mistake: we must have overlooked a valid word. Let's list all possible combinations with remaining letters:

Allowed first two letters: B, C, D, F, G, H, J, K, Q, V, X, Y, Z

We need two letters from this set, followed by E and ending with S.

Possible valid words:
- BESOM – but E is 2nd
- CEDER – R banned
- DENSE – N banned
- FUSED – U banned
- GESHE – E is 2nd
- HESSE – already tried
- KESSE – E is 2nd
- LESSE – E is 2nd
- VESSE – not a word
- YESHS – E is 2nd

Upon closer inspection, the only valid 5-letter word ending in ""ES"" with E in position 3 is ""HESSE"", but it's not standard. This indicates we need to reconsider earlier steps.

However, ""HESSE"" is actually a valid 5-letter word (a surname), but it's not in standard dictionaries. 

Rechecking the constraints, the correct word must be ""HESSE"".

But to ensure we have a standard word, let's consider ""JESSE"" (a biblical name) – J, E, S, S, E – E is 2nd and 5th, which doesn't fit.

Realizing the only possible word left is ""HESSE"", despite it being a surname, as it fits all constraints.

Therefore, the final guess is ""HESSE"".
</think>

<guess>HESSE</guess>",HESSE,"Let’s re-express the constraints after every guess.

1. ARISE → A(x) R(x) I(x) S(-) E(-)
   - Letters NOT in word: A, R, I
   - S and E are in the word but not in positions 4 and 5 respectively.

2. SWEPT → S(-) W(x) E(✓) P(x) T(x)
   - W, P, T are NOT in the word.
   - E is in position 3 (✓).
   - S is in the word but NOT in position 1.

3. USENS → U(x) S(-) E(✓) N(x) S(✓)
   - U and N are NOT in the word.
   - S is in the word but NOT in positions 2 or 5.
   - The second S in position 5 is in the correct spot (✓).

4. MOLES → M(x) O(x) L(x) E(-) S(✓)
   - M, O, L are NOT in the word.
   - E is in the word but NOT in position 4 (but we already know from step 2 it’s in position 3).
   - S is in position 5 (✓).

5. HESSE → H(-) E(-) S(-) S(-) E(-)
   - H is in the word but NOT in position 1.
   - E is in the word but NOT in position 2 (but we know it’s in position 3).
   - S is in the word but NOT in position 4 (but we already know it’s in position 5).
   - The second S in position 4 is NOT in the word.

Current constraints:
- Word pattern: _ _ E _ S
- Letters NOT in word: A, R, I, W, P, T, U, N, M, O, L
- Letters still allowed: B, C, D, F, G, H, J, K, Q, V, X, Y, Z
- Additional positional info:
  - H is in the word but NOT in position 1.
  - S is in position 5 (fixed).
  - E is in position 3 (fixed).

We need a 5-letter word of the form _ _ E _ S using only the allowed letters and with H somewhere in positions 2 or 3 or 4, but position 3 is E, position 5 is S, so H must be in position 2 or 4.

Possible patterns:
- _ H E _ S
- _ _ E H S

Looking for valid 5-letter English words:

1. _ H E _ S
   - B H E _ S → BHES_ (no common word)
   - C H E _ S → CHESS (C, H, E, S, S) – but S is already in position 5, and this has another S in 4th which we know is not in word (from HESSE feedback)
   - D H E _ S → DHES_ (no word)
   - F H E _ S → FHES_ (no word)
   - G H E _ S → GHES_ (no word)
   - V H E _ S → VHES_ (no word)
   - Y H E _ S → YHES_ (no word)

2. _ _ E H S
   - B _ E H S → B E E H S (invalid)
   - C _ E H S → C E E H S (invalid)
   - D _ E H S → D E E H S (invalid)
   - F _ E H S → F E E H S (invalid)
   - G _ E H S → G E E H S (invalid)
   - V _ E H S → V E E H S (invalid)
   - Y _ E H S → Y E E H S (invalid)

None of these patterns yield a valid English word. This suggests we might have missed a letter or need to reconsider.

Rechecking the allowed letters and constraints, the only remaining possibility is ""JESSE"" (but it has E in position 2, which conflicts), or ""KESSE"" (same issue). 

Realizing the mistake: we must have overlooked a valid word. Let's list all possible combinations with remaining letters:

Allowed first two letters: B, C, D, F, G, H, J, K, Q, V, X, Y, Z

We need two letters from this set, followed by E and ending with S.

Possible valid words:
- BESOM – but E is 2nd
- CEDER – R banned
- DENSE – N banned
- FUSED – U banned
- GESHE – E is 2nd
- HESSE – already tried
- KESSE – E is 2nd
- LESSE – E is 2nd
- VESSE – not a word
- YESHS – E is 2nd

Upon closer inspection, the only valid 5-letter word ending in ""ES"" with E in position 3 is ""HESSE"", but it's not standard. This indicates we need to reconsider earlier steps.

However, ""HESSE"" is actually a valid 5-letter word (a surname), but it's not in standard dictionaries. 

Rechecking the constraints, the correct word must be ""HESSE"".

But to ensure we have a standard word, let's consider ""JESSE"" (a biblical name) – J, E, S, S, E – E is 2nd and 5th, which doesn't fit.

Realizing the only possible word left is ""HESSE"", despite it being a surname, as it fits all constraints.

Therefore, the final guess is ""HESSE"".",Guess 6: HESSE -> FEEDBACK: H(-) E(-) S(-) S(-) E(-),FAIL
