model_name,turn,correct_answer,prompt,messages,response,model_answer,model_think,feedback,curr_answer
moonshotai/Kimi-K2-Instruct,1,blaze,"<|im_system|>system<|im_middle|>### Game Rules:
- You have **6 tries** to guess a secret **5-letter** word.
- Each guess must be a valid **5-letter English word**.
- After each guess, you will receive feedback indicating how close your guess was.

### Feedback Format:
Each letter in your guess will receive one of three symbols:
1. ✓ : The letter is in the word and in the CORRECT position.
2. - : The letter is in the word but in the WRONG position.
3. x : The letter is NOT in the word.

### Example:
Secret Word: BRISK

Guess 1: STORM -> Feedback: S(-) T(x) O(x) R(-) M(x)
Guess 2: BRAVE -> Feedback: B(✓) R(✓) A(x) V(x) E(x)
Guess 3: BRISK -> Feedback: B(✓) R(✓) I(✓) S(✓) K(✓)

### Response Format:
Think through the problem and feedback step by step. Make sure to first add your step-by-step thought process within <think> </think> tags. Then, return your guessed word in the following format: <guess> guessed-word </guess>.
<|im_end|><|im_user|>user<|im_middle|>Make your first 5-letter word guess.<|im_end|><|im_assistant|>assistant<|im_middle|>","[{'role': 'system', 'content': '### Game Rules:\n- You have **6 tries** to guess a secret **5-letter** word.\n- Each guess must be a valid **5-letter English word**.\n- After each guess, you will receive feedback indicating how close your guess was.\n\n### Feedback Format:\nEach letter in your guess will receive one of three symbols:\n1. ✓ : The letter is in the word and in the CORRECT position.\n2. - : The letter is in the word but in the WRONG position.\n3. x : The letter is NOT in the word.\n\n### Example:\nSecret Word: BRISK\n\nGuess 1: STORM -> Feedback: S(-) T(x) O(x) R(-) M(x)\nGuess 2: BRAVE -> Feedback: B(✓) R(✓) A(x) V(x) E(x)\nGuess 3: BRISK -> Feedback: B(✓) R(✓) I(✓) S(✓) K(✓)\n\n### Response Format:\nThink through the problem and feedback step by step. Make sure to first add your step-by-step thought process within <think> </think> tags. Then, return your guessed word in the following format: <guess> guessed-word </guess>.\n'}, {'role': 'user', 'content': 'Make your first 5-letter word guess.'}]","<think>
For my first guess, I want to choose a word that uses common letters and can give me good information about what might be in the secret word. A classic strategy is to use a word with common vowels and consonants. 

Words like ""SLATE,"" ""CRANE,"" or ""AROSE"" are popular first guesses because they contain frequently used letters. I'll choose ""SLATE"" because it has:
- S (very common consonant)
- L (common consonant)
- A (most common vowel)
- T (very common consonant)
- E (most common vowel)

This should give me good coverage of common letters to help narrow down possibilities for the secret word.
</think>

<guess> SLATE </guess>",SLATE,"For my first guess, I want to choose a word that uses common letters and can give me good information about what might be in the secret word. A classic strategy is to use a word with common vowels and consonants. 

Words like ""SLATE,"" ""CRANE,"" or ""AROSE"" are popular first guesses because they contain frequently used letters. I'll choose ""SLATE"" because it has:
- S (very common consonant)
- L (common consonant)
- A (most common vowel)
- T (very common consonant)
- E (most common vowel)

This should give me good coverage of common letters to help narrow down possibilities for the secret word.",Guess 1: SLATE -> FEEDBACK: S(x) L(✓) A(✓) T(x) E(✓),FAIL
moonshotai/Kimi-K2-Instruct,2,blaze,"<|im_system|>system<|im_middle|>### Game Rules:
- You have **6 tries** to guess a secret **5-letter** word.
- Each guess must be a valid **5-letter English word**.
- After each guess, you will receive feedback indicating how close your guess was.

### Feedback Format:
Each letter in your guess will receive one of three symbols:
1. ✓ : The letter is in the word and in the CORRECT position.
2. - : The letter is in the word but in the WRONG position.
3. x : The letter is NOT in the word.

### Example:
Secret Word: BRISK

Guess 1: STORM -> Feedback: S(-) T(x) O(x) R(-) M(x)
Guess 2: BRAVE -> Feedback: B(✓) R(✓) A(x) V(x) E(x)
Guess 3: BRISK -> Feedback: B(✓) R(✓) I(✓) S(✓) K(✓)

### Response Format:
Think through the problem and feedback step by step. Make sure to first add your step-by-step thought process within <think> </think> tags. Then, return your guessed word in the following format: <guess> guessed-word </guess>.
<|im_end|><|im_user|>user<|im_middle|>Make your first 5-letter word guess.<|im_end|><|im_assistant|>assistant<|im_middle|>For my first guess, I want to choose a word that uses common letters and can give me good information about what might be in the secret word. A classic strategy is to use a word with common vowels and consonants. 

Words like ""SLATE,"" ""CRANE,"" or ""AROSE"" are popular first guesses because they contain frequently used letters. I'll choose ""SLATE"" because it has:
- S (very common consonant)
- L (common consonant)
- A (most common vowel)
- T (very common consonant)
- E (most common vowel)

This should give me good coverage of common letters to help narrow down possibilities for the secret word.

<guess>SLATE</guess><|im_end|><|im_user|>user<|im_middle|>Make a new 5-letter word guess.

Here is some previous feedback: 
Guess 1: SLATE -> FEEDBACK: S(x) L(✓) A(✓) T(x) E(✓)
<|im_end|><|im_assistant|>assistant<|im_middle|>","[{'role': 'system', 'content': '### Game Rules:\n- You have **6 tries** to guess a secret **5-letter** word.\n- Each guess must be a valid **5-letter English word**.\n- After each guess, you will receive feedback indicating how close your guess was.\n\n### Feedback Format:\nEach letter in your guess will receive one of three symbols:\n1. ✓ : The letter is in the word and in the CORRECT position.\n2. - : The letter is in the word but in the WRONG position.\n3. x : The letter is NOT in the word.\n\n### Example:\nSecret Word: BRISK\n\nGuess 1: STORM -> Feedback: S(-) T(x) O(x) R(-) M(x)\nGuess 2: BRAVE -> Feedback: B(✓) R(✓) A(x) V(x) E(x)\nGuess 3: BRISK -> Feedback: B(✓) R(✓) I(✓) S(✓) K(✓)\n\n### Response Format:\nThink through the problem and feedback step by step. Make sure to first add your step-by-step thought process within <think> </think> tags. Then, return your guessed word in the following format: <guess> guessed-word </guess>.\n'}, {'role': 'user', 'content': 'Make your first 5-letter word guess.'}, {'role': 'assistant', 'content': 'For my first guess, I want to choose a word that uses common letters and can give me good information about what might be in the secret word. A classic strategy is to use a word with common vowels and consonants. \n\nWords like ""SLATE,"" ""CRANE,"" or ""AROSE"" are popular first guesses because they contain frequently used letters. I\'ll choose ""SLATE"" because it has:\n- S (very common consonant)\n- L (common consonant)\n- A (most common vowel)\n- T (very common consonant)\n- E (most common vowel)\n\nThis should give me good coverage of common letters to help narrow down possibilities for the secret word.\n\n<guess>SLATE</guess>'}, {'role': 'user', 'content': 'Make a new 5-letter word guess.\n\nHere is some previous feedback: \nGuess 1: SLATE -> FEEDBACK: S(x) L(✓) A(✓) T(x) E(✓)\n'}]","<think>
From the feedback on SLATE:
- S(x) → S is NOT in the word.
- L(✓) → L is in the word AND in position 2.
- A(✓) → A is in the word AND in position 3.
- T(x) → T is NOT in the word.
- E(✓) → E is in the word AND in position 5.

So the pattern is _ L A _ E, and the letters we know are NOT in the word are S, T.

We need a 5-letter word that:
- Starts with any letter except S or T.
- Has L in position 2.
- Has A in position 3.
- Has E in position 5.
- Does not contain S or T.

Possible letters for positions 1 and 4: Any except S, T.

Looking at common words fitting _ L A _ E:
- PLACE
- GLADE
- CLAVE
- FLAKE
- BLAME
- SLATE (but S is invalid)

I'll choose PLACE as it uses common letters and fits the constraints.
- P is allowed (not S or T).
- L in position 2 (✓)
- A in position 3 (✓)
- C in position 4 (allowed)
- E in position 5 (✓)

PLACE doesn't contain S or T.
</think>

<guess>PLACE</guess>",PLACE,"From the feedback on SLATE:
- S(x) → S is NOT in the word.
- L(✓) → L is in the word AND in position 2.
- A(✓) → A is in the word AND in position 3.
- T(x) → T is NOT in the word.
- E(✓) → E is in the word AND in position 5.

So the pattern is _ L A _ E, and the letters we know are NOT in the word are S, T.

We need a 5-letter word that:
- Starts with any letter except S or T.
- Has L in position 2.
- Has A in position 3.
- Has E in position 5.
- Does not contain S or T.

Possible letters for positions 1 and 4: Any except S, T.

Looking at common words fitting _ L A _ E:
- PLACE
- GLADE
- CLAVE
- FLAKE
- BLAME
- SLATE (but S is invalid)

I'll choose PLACE as it uses common letters and fits the constraints.
- P is allowed (not S or T).
- L in position 2 (✓)
- A in position 3 (✓)
- C in position 4 (allowed)
- E in position 5 (✓)

PLACE doesn't contain S or T.",Guess 2: PLACE -> FEEDBACK: P(x) L(✓) A(✓) C(x) E(✓),FAIL
moonshotai/Kimi-K2-Instruct,3,blaze,"<|im_system|>system<|im_middle|>### Game Rules:
- You have **6 tries** to guess a secret **5-letter** word.
- Each guess must be a valid **5-letter English word**.
- After each guess, you will receive feedback indicating how close your guess was.

### Feedback Format:
Each letter in your guess will receive one of three symbols:
1. ✓ : The letter is in the word and in the CORRECT position.
2. - : The letter is in the word but in the WRONG position.
3. x : The letter is NOT in the word.

### Example:
Secret Word: BRISK

Guess 1: STORM -> Feedback: S(-) T(x) O(x) R(-) M(x)
Guess 2: BRAVE -> Feedback: B(✓) R(✓) A(x) V(x) E(x)
Guess 3: BRISK -> Feedback: B(✓) R(✓) I(✓) S(✓) K(✓)

### Response Format:
Think through the problem and feedback step by step. Make sure to first add your step-by-step thought process within <think> </think> tags. Then, return your guessed word in the following format: <guess> guessed-word </guess>.
<|im_end|><|im_user|>user<|im_middle|>Make your first 5-letter word guess.<|im_end|><|im_assistant|>assistant<|im_middle|>For my first guess, I want to choose a word that uses common letters and can give me good information about what might be in the secret word. A classic strategy is to use a word with common vowels and consonants. 

Words like ""SLATE,"" ""CRANE,"" or ""AROSE"" are popular first guesses because they contain frequently used letters. I'll choose ""SLATE"" because it has:
- S (very common consonant)
- L (common consonant)
- A (most common vowel)
- T (very common consonant)
- E (most common vowel)

This should give me good coverage of common letters to help narrow down possibilities for the secret word.

<guess>SLATE</guess><|im_end|><|im_user|>user<|im_middle|>Make a new 5-letter word guess.

Here is some previous feedback: 
Guess 1: SLATE -> FEEDBACK: S(x) L(✓) A(✓) T(x) E(✓)
<|im_end|><|im_assistant|>assistant<|im_middle|>From the feedback on SLATE:
- S(x) → S is NOT in the word.
- L(✓) → L is in the word AND in position 2.
- A(✓) → A is in the word AND in position 3.
- T(x) → T is NOT in the word.
- E(✓) → E is in the word AND in position 5.

So the pattern is _ L A _ E, and the letters we know are NOT in the word are S, T.

We need a 5-letter word that:
- Starts with any letter except S or T.
- Has L in position 2.
- Has A in position 3.
- Has E in position 5.
- Does not contain S or T.

Possible letters for positions 1 and 4: Any except S, T.

Looking at common words fitting _ L A _ E:
- PLACE
- GLADE
- CLAVE
- FLAKE
- BLAME
- SLATE (but S is invalid)

I'll choose PLACE as it uses common letters and fits the constraints.
- P is allowed (not S or T).
- L in position 2 (✓)
- A in position 3 (✓)
- C in position 4 (allowed)
- E in position 5 (✓)

PLACE doesn't contain S or T.

<guess>PLACE</guess><|im_end|><|im_user|>user<|im_middle|>Make a new 5-letter word guess.

Here is some previous feedback: 
Guess 1: SLATE -> FEEDBACK: S(x) L(✓) A(✓) T(x) E(✓)
Guess 2: PLACE -> FEEDBACK: P(x) L(✓) A(✓) C(x) E(✓)
<|im_end|><|im_assistant|>assistant<|im_middle|>","[{'role': 'system', 'content': '### Game Rules:\n- You have **6 tries** to guess a secret **5-letter** word.\n- Each guess must be a valid **5-letter English word**.\n- After each guess, you will receive feedback indicating how close your guess was.\n\n### Feedback Format:\nEach letter in your guess will receive one of three symbols:\n1. ✓ : The letter is in the word and in the CORRECT position.\n2. - : The letter is in the word but in the WRONG position.\n3. x : The letter is NOT in the word.\n\n### Example:\nSecret Word: BRISK\n\nGuess 1: STORM -> Feedback: S(-) T(x) O(x) R(-) M(x)\nGuess 2: BRAVE -> Feedback: B(✓) R(✓) A(x) V(x) E(x)\nGuess 3: BRISK -> Feedback: B(✓) R(✓) I(✓) S(✓) K(✓)\n\n### Response Format:\nThink through the problem and feedback step by step. Make sure to first add your step-by-step thought process within <think> </think> tags. Then, return your guessed word in the following format: <guess> guessed-word </guess>.\n'}, {'role': 'user', 'content': 'Make your first 5-letter word guess.'}, {'role': 'assistant', 'content': 'For my first guess, I want to choose a word that uses common letters and can give me good information about what might be in the secret word. A classic strategy is to use a word with common vowels and consonants. \n\nWords like ""SLATE,"" ""CRANE,"" or ""AROSE"" are popular first guesses because they contain frequently used letters. I\'ll choose ""SLATE"" because it has:\n- S (very common consonant)\n- L (common consonant)\n- A (most common vowel)\n- T (very common consonant)\n- E (most common vowel)\n\nThis should give me good coverage of common letters to help narrow down possibilities for the secret word.\n\n<guess>SLATE</guess>'}, {'role': 'user', 'content': 'Make a new 5-letter word guess.\n\nHere is some previous feedback: \nGuess 1: SLATE -> FEEDBACK: S(x) L(✓) A(✓) T(x) E(✓)\n'}, {'role': 'assistant', 'content': ""From the feedback on SLATE:\n- S(x) → S is NOT in the word.\n- L(✓) → L is in the word AND in position 2.\n- A(✓) → A is in the word AND in position 3.\n- T(x) → T is NOT in the word.\n- E(✓) → E is in the word AND in position 5.\n\nSo the pattern is _ L A _ E, and the letters we know are NOT in the word are S, T.\n\nWe need a 5-letter word that:\n- Starts with any letter except S or T.\n- Has L in position 2.\n- Has A in position 3.\n- Has E in position 5.\n- Does not contain S or T.\n\nPossible letters for positions 1 and 4: Any except S, T.\n\nLooking at common words fitting _ L A _ E:\n- PLACE\n- GLADE\n- CLAVE\n- FLAKE\n- BLAME\n- SLATE (but S is invalid)\n\nI'll choose PLACE as it uses common letters and fits the constraints.\n- P is allowed (not S or T).\n- L in position 2 (✓)\n- A in position 3 (✓)\n- C in position 4 (allowed)\n- E in position 5 (✓)\n\nPLACE doesn't contain S or T.\n\n<guess>PLACE</guess>""}, {'role': 'user', 'content': 'Make a new 5-letter word guess.\n\nHere is some previous feedback: \nGuess 1: SLATE -> FEEDBACK: S(x) L(✓) A(✓) T(x) E(✓)\nGuess 2: PLACE -> FEEDBACK: P(x) L(✓) A(✓) C(x) E(✓)\n'}]","<think>
So far we know:

- Pattern: _ L A _ E  (positions 2, 3, 5 are locked)
- Letters known NOT in the word: S, T, P, C

Remaining unused common consonants for positions 1 and 4: B, D, F, G, H, K, M, N, R, V, W, Y, etc.

We need two letters, one for position 1 and one for position 4, that:
- Are not S, T, P, or C
- Are distinct from each other
- Form a valid English word when placed into _ L A _ E

Scanning possibilities:

- BLADE: but D is in position 4, and BLADE has L in position 2, A in 3, E in 5, and D in 4 (valid). However, B in position 1 and D in 4: BLADE is a valid word.
- FLAKE: K in position 4, F in 1 (but K is allowed, F is allowed)
- GLADE: G in 1, D in 4
- CLAVE: C is already excluded
- SLAVE: S excluded
- PLANE: P excluded
- BLAME: M in 4, B in 1

Among these, BLADE is a strong candidate:
- B is allowed (not in excluded list)
- L in 2 (✓)
- A in 3 (✓)
- D in 4 (allowed)
- E in 5 (✓)

BLADE doesn't contain S, T, P, or C.

Let's try BLADE.
</think>

<guess>BLADE</guess>",BLADE,"So far we know:

- Pattern: _ L A _ E  (positions 2, 3, 5 are locked)
- Letters known NOT in the word: S, T, P, C

Remaining unused common consonants for positions 1 and 4: B, D, F, G, H, K, M, N, R, V, W, Y, etc.

We need two letters, one for position 1 and one for position 4, that:
- Are not S, T, P, or C
- Are distinct from each other
- Form a valid English word when placed into _ L A _ E

Scanning possibilities:

- BLADE: but D is in position 4, and BLADE has L in position 2, A in 3, E in 5, and D in 4 (valid). However, B in position 1 and D in 4: BLADE is a valid word.
- FLAKE: K in position 4, F in 1 (but K is allowed, F is allowed)
- GLADE: G in 1, D in 4
- CLAVE: C is already excluded
- SLAVE: S excluded
- PLANE: P excluded
- BLAME: M in 4, B in 1

Among these, BLADE is a strong candidate:
- B is allowed (not in excluded list)
- L in 2 (✓)
- A in 3 (✓)
- D in 4 (allowed)
- E in 5 (✓)

BLADE doesn't contain S, T, P, or C.

Let's try BLADE.",Guess 3: BLADE -> FEEDBACK: B(✓) L(✓) A(✓) D(x) E(✓),FAIL
moonshotai/Kimi-K2-Instruct,4,blaze,"<|im_system|>system<|im_middle|>### Game Rules:
- You have **6 tries** to guess a secret **5-letter** word.
- Each guess must be a valid **5-letter English word**.
- After each guess, you will receive feedback indicating how close your guess was.

### Feedback Format:
Each letter in your guess will receive one of three symbols:
1. ✓ : The letter is in the word and in the CORRECT position.
2. - : The letter is in the word but in the WRONG position.
3. x : The letter is NOT in the word.

### Example:
Secret Word: BRISK

Guess 1: STORM -> Feedback: S(-) T(x) O(x) R(-) M(x)
Guess 2: BRAVE -> Feedback: B(✓) R(✓) A(x) V(x) E(x)
Guess 3: BRISK -> Feedback: B(✓) R(✓) I(✓) S(✓) K(✓)

### Response Format:
Think through the problem and feedback step by step. Make sure to first add your step-by-step thought process within <think> </think> tags. Then, return your guessed word in the following format: <guess> guessed-word </guess>.
<|im_end|><|im_user|>user<|im_middle|>Make your first 5-letter word guess.<|im_end|><|im_assistant|>assistant<|im_middle|>For my first guess, I want to choose a word that uses common letters and can give me good information about what might be in the secret word. A classic strategy is to use a word with common vowels and consonants. 

Words like ""SLATE,"" ""CRANE,"" or ""AROSE"" are popular first guesses because they contain frequently used letters. I'll choose ""SLATE"" because it has:
- S (very common consonant)
- L (common consonant)
- A (most common vowel)
- T (very common consonant)
- E (most common vowel)

This should give me good coverage of common letters to help narrow down possibilities for the secret word.

<guess>SLATE</guess><|im_end|><|im_user|>user<|im_middle|>Make a new 5-letter word guess.

Here is some previous feedback: 
Guess 1: SLATE -> FEEDBACK: S(x) L(✓) A(✓) T(x) E(✓)
<|im_end|><|im_assistant|>assistant<|im_middle|>From the feedback on SLATE:
- S(x) → S is NOT in the word.
- L(✓) → L is in the word AND in position 2.
- A(✓) → A is in the word AND in position 3.
- T(x) → T is NOT in the word.
- E(✓) → E is in the word AND in position 5.

So the pattern is _ L A _ E, and the letters we know are NOT in the word are S, T.

We need a 5-letter word that:
- Starts with any letter except S or T.
- Has L in position 2.
- Has A in position 3.
- Has E in position 5.
- Does not contain S or T.

Possible letters for positions 1 and 4: Any except S, T.

Looking at common words fitting _ L A _ E:
- PLACE
- GLADE
- CLAVE
- FLAKE
- BLAME
- SLATE (but S is invalid)

I'll choose PLACE as it uses common letters and fits the constraints.
- P is allowed (not S or T).
- L in position 2 (✓)
- A in position 3 (✓)
- C in position 4 (allowed)
- E in position 5 (✓)

PLACE doesn't contain S or T.

<guess>PLACE</guess><|im_end|><|im_user|>user<|im_middle|>Make a new 5-letter word guess.

Here is some previous feedback: 
Guess 1: SLATE -> FEEDBACK: S(x) L(✓) A(✓) T(x) E(✓)
Guess 2: PLACE -> FEEDBACK: P(x) L(✓) A(✓) C(x) E(✓)
<|im_end|><|im_assistant|>assistant<|im_middle|>So far we know:

- Pattern: _ L A _ E  (positions 2, 3, 5 are locked)
- Letters known NOT in the word: S, T, P, C

Remaining unused common consonants for positions 1 and 4: B, D, F, G, H, K, M, N, R, V, W, Y, etc.

We need two letters, one for position 1 and one for position 4, that:
- Are not S, T, P, or C
- Are distinct from each other
- Form a valid English word when placed into _ L A _ E

Scanning possibilities:

- BLADE: but D is in position 4, and BLADE has L in position 2, A in 3, E in 5, and D in 4 (valid). However, B in position 1 and D in 4: BLADE is a valid word.
- FLAKE: K in position 4, F in 1 (but K is allowed, F is allowed)
- GLADE: G in 1, D in 4
- CLAVE: C is already excluded
- SLAVE: S excluded
- PLANE: P excluded
- BLAME: M in 4, B in 1

Among these, BLADE is a strong candidate:
- B is allowed (not in excluded list)
- L in 2 (✓)
- A in 3 (✓)
- D in 4 (allowed)
- E in 5 (✓)

BLADE doesn't contain S, T, P, or C.

Let's try BLADE.

<guess>BLADE</guess><|im_end|><|im_user|>user<|im_middle|>Make a new 5-letter word guess.

Here is some previous feedback: 
Guess 1: SLATE -> FEEDBACK: S(x) L(✓) A(✓) T(x) E(✓)
Guess 2: PLACE -> FEEDBACK: P(x) L(✓) A(✓) C(x) E(✓)
Guess 3: BLADE -> FEEDBACK: B(✓) L(✓) A(✓) D(x) E(✓)
<|im_end|><|im_assistant|>assistant<|im_middle|>","[{'role': 'system', 'content': '### Game Rules:\n- You have **6 tries** to guess a secret **5-letter** word.\n- Each guess must be a valid **5-letter English word**.\n- After each guess, you will receive feedback indicating how close your guess was.\n\n### Feedback Format:\nEach letter in your guess will receive one of three symbols:\n1. ✓ : The letter is in the word and in the CORRECT position.\n2. - : The letter is in the word but in the WRONG position.\n3. x : The letter is NOT in the word.\n\n### Example:\nSecret Word: BRISK\n\nGuess 1: STORM -> Feedback: S(-) T(x) O(x) R(-) M(x)\nGuess 2: BRAVE -> Feedback: B(✓) R(✓) A(x) V(x) E(x)\nGuess 3: BRISK -> Feedback: B(✓) R(✓) I(✓) S(✓) K(✓)\n\n### Response Format:\nThink through the problem and feedback step by step. Make sure to first add your step-by-step thought process within <think> </think> tags. Then, return your guessed word in the following format: <guess> guessed-word </guess>.\n'}, {'role': 'user', 'content': 'Make your first 5-letter word guess.'}, {'role': 'assistant', 'content': 'For my first guess, I want to choose a word that uses common letters and can give me good information about what might be in the secret word. A classic strategy is to use a word with common vowels and consonants. \n\nWords like ""SLATE,"" ""CRANE,"" or ""AROSE"" are popular first guesses because they contain frequently used letters. I\'ll choose ""SLATE"" because it has:\n- S (very common consonant)\n- L (common consonant)\n- A (most common vowel)\n- T (very common consonant)\n- E (most common vowel)\n\nThis should give me good coverage of common letters to help narrow down possibilities for the secret word.\n\n<guess>SLATE</guess>'}, {'role': 'user', 'content': 'Make a new 5-letter word guess.\n\nHere is some previous feedback: \nGuess 1: SLATE -> FEEDBACK: S(x) L(✓) A(✓) T(x) E(✓)\n'}, {'role': 'assistant', 'content': ""From the feedback on SLATE:\n- S(x) → S is NOT in the word.\n- L(✓) → L is in the word AND in position 2.\n- A(✓) → A is in the word AND in position 3.\n- T(x) → T is NOT in the word.\n- E(✓) → E is in the word AND in position 5.\n\nSo the pattern is _ L A _ E, and the letters we know are NOT in the word are S, T.\n\nWe need a 5-letter word that:\n- Starts with any letter except S or T.\n- Has L in position 2.\n- Has A in position 3.\n- Has E in position 5.\n- Does not contain S or T.\n\nPossible letters for positions 1 and 4: Any except S, T.\n\nLooking at common words fitting _ L A _ E:\n- PLACE\n- GLADE\n- CLAVE\n- FLAKE\n- BLAME\n- SLATE (but S is invalid)\n\nI'll choose PLACE as it uses common letters and fits the constraints.\n- P is allowed (not S or T).\n- L in position 2 (✓)\n- A in position 3 (✓)\n- C in position 4 (allowed)\n- E in position 5 (✓)\n\nPLACE doesn't contain S or T.\n\n<guess>PLACE</guess>""}, {'role': 'user', 'content': 'Make a new 5-letter word guess.\n\nHere is some previous feedback: \nGuess 1: SLATE -> FEEDBACK: S(x) L(✓) A(✓) T(x) E(✓)\nGuess 2: PLACE -> FEEDBACK: P(x) L(✓) A(✓) C(x) E(✓)\n'}, {'role': 'assistant', 'content': ""So far we know:\n\n- Pattern: _ L A _ E  (positions 2, 3, 5 are locked)\n- Letters known NOT in the word: S, T, P, C\n\nRemaining unused common consonants for positions 1 and 4: B, D, F, G, H, K, M, N, R, V, W, Y, etc.\n\nWe need two letters, one for position 1 and one for position 4, that:\n- Are not S, T, P, or C\n- Are distinct from each other\n- Form a valid English word when placed into _ L A _ E\n\nScanning possibilities:\n\n- BLADE: but D is in position 4, and BLADE has L in position 2, A in 3, E in 5, and D in 4 (valid). However, B in position 1 and D in 4: BLADE is a valid word.\n- FLAKE: K in position 4, F in 1 (but K is allowed, F is allowed)\n- GLADE: G in 1, D in 4\n- CLAVE: C is already excluded\n- SLAVE: S excluded\n- PLANE: P excluded\n- BLAME: M in 4, B in 1\n\nAmong these, BLADE is a strong candidate:\n- B is allowed (not in excluded list)\n- L in 2 (✓)\n- A in 3 (✓)\n- D in 4 (allowed)\n- E in 5 (✓)\n\nBLADE doesn't contain S, T, P, or C.\n\nLet's try BLADE.\n\n<guess>BLADE</guess>""}, {'role': 'user', 'content': 'Make a new 5-letter word guess.\n\nHere is some previous feedback: \nGuess 1: SLATE -> FEEDBACK: S(x) L(✓) A(✓) T(x) E(✓)\nGuess 2: PLACE -> FEEDBACK: P(x) L(✓) A(✓) C(x) E(✓)\nGuess 3: BLADE -> FEEDBACK: B(✓) L(✓) A(✓) D(x) E(✓)\n'}]","<think>
Pattern so far: B L A _ E

- Positions 2, 3, 5 are fixed (L, A, E).
- Position 1 is fixed as B (✓).
- Position 4 is still unknown but must be a letter that is NOT:
  – S, T, P, C, D (all ruled out by previous feedback)
- Therefore the word is B L A ? E, where ? is not S, T, P, C, D.

Looking for common 5-letter words that fit B L A _ E:
- BLAME → M is still allowed (not in the excluded list)
- BLAZE → Z is allowed
- BLARE → R is allowed
- BLASE → S is excluded
- BLATE → T is excluded
- BLAKE → K is allowed

Among these, ""BLAME"" uses a very common letter M for the fourth position and is a frequent word.

Check exclusions: M is not in {S, T, P, C, D} → valid.
</think>

<guess>BLAME</guess>",BLAME,"Pattern so far: B L A _ E

- Positions 2, 3, 5 are fixed (L, A, E).
- Position 1 is fixed as B (✓).
- Position 4 is still unknown but must be a letter that is NOT:
  – S, T, P, C, D (all ruled out by previous feedback)
- Therefore the word is B L A ? E, where ? is not S, T, P, C, D.

Looking for common 5-letter words that fit B L A _ E:
- BLAME → M is still allowed (not in the excluded list)
- BLAZE → Z is allowed
- BLARE → R is allowed
- BLASE → S is excluded
- BLATE → T is excluded
- BLAKE → K is allowed

Among these, ""BLAME"" uses a very common letter M for the fourth position and is a frequent word.

Check exclusions: M is not in {S, T, P, C, D} → valid.",Guess 4: BLAME -> FEEDBACK: B(✓) L(✓) A(✓) M(x) E(✓),FAIL
moonshotai/Kimi-K2-Instruct,5,blaze,"<|im_system|>system<|im_middle|>### Game Rules:
- You have **6 tries** to guess a secret **5-letter** word.
- Each guess must be a valid **5-letter English word**.
- After each guess, you will receive feedback indicating how close your guess was.

### Feedback Format:
Each letter in your guess will receive one of three symbols:
1. ✓ : The letter is in the word and in the CORRECT position.
2. - : The letter is in the word but in the WRONG position.
3. x : The letter is NOT in the word.

### Example:
Secret Word: BRISK

Guess 1: STORM -> Feedback: S(-) T(x) O(x) R(-) M(x)
Guess 2: BRAVE -> Feedback: B(✓) R(✓) A(x) V(x) E(x)
Guess 3: BRISK -> Feedback: B(✓) R(✓) I(✓) S(✓) K(✓)

### Response Format:
Think through the problem and feedback step by step. Make sure to first add your step-by-step thought process within <think> </think> tags. Then, return your guessed word in the following format: <guess> guessed-word </guess>.
<|im_end|><|im_user|>user<|im_middle|>Make your first 5-letter word guess.<|im_end|><|im_assistant|>assistant<|im_middle|>For my first guess, I want to choose a word that uses common letters and can give me good information about what might be in the secret word. A classic strategy is to use a word with common vowels and consonants. 

Words like ""SLATE,"" ""CRANE,"" or ""AROSE"" are popular first guesses because they contain frequently used letters. I'll choose ""SLATE"" because it has:
- S (very common consonant)
- L (common consonant)
- A (most common vowel)
- T (very common consonant)
- E (most common vowel)

This should give me good coverage of common letters to help narrow down possibilities for the secret word.

<guess>SLATE</guess><|im_end|><|im_user|>user<|im_middle|>Make a new 5-letter word guess.

Here is some previous feedback: 
Guess 1: SLATE -> FEEDBACK: S(x) L(✓) A(✓) T(x) E(✓)
<|im_end|><|im_assistant|>assistant<|im_middle|>From the feedback on SLATE:
- S(x) → S is NOT in the word.
- L(✓) → L is in the word AND in position 2.
- A(✓) → A is in the word AND in position 3.
- T(x) → T is NOT in the word.
- E(✓) → E is in the word AND in position 5.

So the pattern is _ L A _ E, and the letters we know are NOT in the word are S, T.

We need a 5-letter word that:
- Starts with any letter except S or T.
- Has L in position 2.
- Has A in position 3.
- Has E in position 5.
- Does not contain S or T.

Possible letters for positions 1 and 4: Any except S, T.

Looking at common words fitting _ L A _ E:
- PLACE
- GLADE
- CLAVE
- FLAKE
- BLAME
- SLATE (but S is invalid)

I'll choose PLACE as it uses common letters and fits the constraints.
- P is allowed (not S or T).
- L in position 2 (✓)
- A in position 3 (✓)
- C in position 4 (allowed)
- E in position 5 (✓)

PLACE doesn't contain S or T.

<guess>PLACE</guess><|im_end|><|im_user|>user<|im_middle|>Make a new 5-letter word guess.

Here is some previous feedback: 
Guess 1: SLATE -> FEEDBACK: S(x) L(✓) A(✓) T(x) E(✓)
Guess 2: PLACE -> FEEDBACK: P(x) L(✓) A(✓) C(x) E(✓)
<|im_end|><|im_assistant|>assistant<|im_middle|>So far we know:

- Pattern: _ L A _ E  (positions 2, 3, 5 are locked)
- Letters known NOT in the word: S, T, P, C

Remaining unused common consonants for positions 1 and 4: B, D, F, G, H, K, M, N, R, V, W, Y, etc.

We need two letters, one for position 1 and one for position 4, that:
- Are not S, T, P, or C
- Are distinct from each other
- Form a valid English word when placed into _ L A _ E

Scanning possibilities:

- BLADE: but D is in position 4, and BLADE has L in position 2, A in 3, E in 5, and D in 4 (valid). However, B in position 1 and D in 4: BLADE is a valid word.
- FLAKE: K in position 4, F in 1 (but K is allowed, F is allowed)
- GLADE: G in 1, D in 4
- CLAVE: C is already excluded
- SLAVE: S excluded
- PLANE: P excluded
- BLAME: M in 4, B in 1

Among these, BLADE is a strong candidate:
- B is allowed (not in excluded list)
- L in 2 (✓)
- A in 3 (✓)
- D in 4 (allowed)
- E in 5 (✓)

BLADE doesn't contain S, T, P, or C.

Let's try BLADE.

<guess>BLADE</guess><|im_end|><|im_user|>user<|im_middle|>Make a new 5-letter word guess.

Here is some previous feedback: 
Guess 1: SLATE -> FEEDBACK: S(x) L(✓) A(✓) T(x) E(✓)
Guess 2: PLACE -> FEEDBACK: P(x) L(✓) A(✓) C(x) E(✓)
Guess 3: BLADE -> FEEDBACK: B(✓) L(✓) A(✓) D(x) E(✓)
<|im_end|><|im_assistant|>assistant<|im_middle|>Pattern so far: B L A _ E

- Positions 2, 3, 5 are fixed (L, A, E).
- Position 1 is fixed as B (✓).
- Position 4 is still unknown but must be a letter that is NOT:
  – S, T, P, C, D (all ruled out by previous feedback)
- Therefore the word is B L A ? E, where ? is not S, T, P, C, D.

Looking for common 5-letter words that fit B L A _ E:
- BLAME → M is still allowed (not in the excluded list)
- BLAZE → Z is allowed
- BLARE → R is allowed
- BLASE → S is excluded
- BLATE → T is excluded
- BLAKE → K is allowed

Among these, ""BLAME"" uses a very common letter M for the fourth position and is a frequent word.

Check exclusions: M is not in {S, T, P, C, D} → valid.

<guess>BLAME</guess><|im_end|><|im_user|>user<|im_middle|>Make a new 5-letter word guess.

Here is some previous feedback: 
Guess 1: SLATE -> FEEDBACK: S(x) L(✓) A(✓) T(x) E(✓)
Guess 2: PLACE -> FEEDBACK: P(x) L(✓) A(✓) C(x) E(✓)
Guess 3: BLADE -> FEEDBACK: B(✓) L(✓) A(✓) D(x) E(✓)
Guess 4: BLAME -> FEEDBACK: B(✓) L(✓) A(✓) M(x) E(✓)
<|im_end|><|im_assistant|>assistant<|im_middle|>","[{'role': 'system', 'content': '### Game Rules:\n- You have **6 tries** to guess a secret **5-letter** word.\n- Each guess must be a valid **5-letter English word**.\n- After each guess, you will receive feedback indicating how close your guess was.\n\n### Feedback Format:\nEach letter in your guess will receive one of three symbols:\n1. ✓ : The letter is in the word and in the CORRECT position.\n2. - : The letter is in the word but in the WRONG position.\n3. x : The letter is NOT in the word.\n\n### Example:\nSecret Word: BRISK\n\nGuess 1: STORM -> Feedback: S(-) T(x) O(x) R(-) M(x)\nGuess 2: BRAVE -> Feedback: B(✓) R(✓) A(x) V(x) E(x)\nGuess 3: BRISK -> Feedback: B(✓) R(✓) I(✓) S(✓) K(✓)\n\n### Response Format:\nThink through the problem and feedback step by step. Make sure to first add your step-by-step thought process within <think> </think> tags. Then, return your guessed word in the following format: <guess> guessed-word </guess>.\n'}, {'role': 'user', 'content': 'Make your first 5-letter word guess.'}, {'role': 'assistant', 'content': 'For my first guess, I want to choose a word that uses common letters and can give me good information about what might be in the secret word. A classic strategy is to use a word with common vowels and consonants. \n\nWords like ""SLATE,"" ""CRANE,"" or ""AROSE"" are popular first guesses because they contain frequently used letters. I\'ll choose ""SLATE"" because it has:\n- S (very common consonant)\n- L (common consonant)\n- A (most common vowel)\n- T (very common consonant)\n- E (most common vowel)\n\nThis should give me good coverage of common letters to help narrow down possibilities for the secret word.\n\n<guess>SLATE</guess>'}, {'role': 'user', 'content': 'Make a new 5-letter word guess.\n\nHere is some previous feedback: \nGuess 1: SLATE -> FEEDBACK: S(x) L(✓) A(✓) T(x) E(✓)\n'}, {'role': 'assistant', 'content': ""From the feedback on SLATE:\n- S(x) → S is NOT in the word.\n- L(✓) → L is in the word AND in position 2.\n- A(✓) → A is in the word AND in position 3.\n- T(x) → T is NOT in the word.\n- E(✓) → E is in the word AND in position 5.\n\nSo the pattern is _ L A _ E, and the letters we know are NOT in the word are S, T.\n\nWe need a 5-letter word that:\n- Starts with any letter except S or T.\n- Has L in position 2.\n- Has A in position 3.\n- Has E in position 5.\n- Does not contain S or T.\n\nPossible letters for positions 1 and 4: Any except S, T.\n\nLooking at common words fitting _ L A _ E:\n- PLACE\n- GLADE\n- CLAVE\n- FLAKE\n- BLAME\n- SLATE (but S is invalid)\n\nI'll choose PLACE as it uses common letters and fits the constraints.\n- P is allowed (not S or T).\n- L in position 2 (✓)\n- A in position 3 (✓)\n- C in position 4 (allowed)\n- E in position 5 (✓)\n\nPLACE doesn't contain S or T.\n\n<guess>PLACE</guess>""}, {'role': 'user', 'content': 'Make a new 5-letter word guess.\n\nHere is some previous feedback: \nGuess 1: SLATE -> FEEDBACK: S(x) L(✓) A(✓) T(x) E(✓)\nGuess 2: PLACE -> FEEDBACK: P(x) L(✓) A(✓) C(x) E(✓)\n'}, {'role': 'assistant', 'content': ""So far we know:\n\n- Pattern: _ L A _ E  (positions 2, 3, 5 are locked)\n- Letters known NOT in the word: S, T, P, C\n\nRemaining unused common consonants for positions 1 and 4: B, D, F, G, H, K, M, N, R, V, W, Y, etc.\n\nWe need two letters, one for position 1 and one for position 4, that:\n- Are not S, T, P, or C\n- Are distinct from each other\n- Form a valid English word when placed into _ L A _ E\n\nScanning possibilities:\n\n- BLADE: but D is in position 4, and BLADE has L in position 2, A in 3, E in 5, and D in 4 (valid). However, B in position 1 and D in 4: BLADE is a valid word.\n- FLAKE: K in position 4, F in 1 (but K is allowed, F is allowed)\n- GLADE: G in 1, D in 4\n- CLAVE: C is already excluded\n- SLAVE: S excluded\n- PLANE: P excluded\n- BLAME: M in 4, B in 1\n\nAmong these, BLADE is a strong candidate:\n- B is allowed (not in excluded list)\n- L in 2 (✓)\n- A in 3 (✓)\n- D in 4 (allowed)\n- E in 5 (✓)\n\nBLADE doesn't contain S, T, P, or C.\n\nLet's try BLADE.\n\n<guess>BLADE</guess>""}, {'role': 'user', 'content': 'Make a new 5-letter word guess.\n\nHere is some previous feedback: \nGuess 1: SLATE -> FEEDBACK: S(x) L(✓) A(✓) T(x) E(✓)\nGuess 2: PLACE -> FEEDBACK: P(x) L(✓) A(✓) C(x) E(✓)\nGuess 3: BLADE -> FEEDBACK: B(✓) L(✓) A(✓) D(x) E(✓)\n'}, {'role': 'assistant', 'content': 'Pattern so far: B L A _ E\n\n- Positions 2, 3, 5 are fixed (L, A, E).\n- Position 1 is fixed as B (✓).\n- Position 4 is still unknown but must be a letter that is NOT:\n  – S, T, P, C, D (all ruled out by previous feedback)\n- Therefore the word is B L A ? E, where ? is not S, T, P, C, D.\n\nLooking for common 5-letter words that fit B L A _ E:\n- BLAME → M is still allowed (not in the excluded list)\n- BLAZE → Z is allowed\n- BLARE → R is allowed\n- BLASE → S is excluded\n- BLATE → T is excluded\n- BLAKE → K is allowed\n\nAmong these, ""BLAME"" uses a very common letter M for the fourth position and is a frequent word.\n\nCheck exclusions: M is not in {S, T, P, C, D} → valid.\n\n<guess>BLAME</guess>'}, {'role': 'user', 'content': 'Make a new 5-letter word guess.\n\nHere is some previous feedback: \nGuess 1: SLATE -> FEEDBACK: S(x) L(✓) A(✓) T(x) E(✓)\nGuess 2: PLACE -> FEEDBACK: P(x) L(✓) A(✓) C(x) E(✓)\nGuess 3: BLADE -> FEEDBACK: B(✓) L(✓) A(✓) D(x) E(✓)\nGuess 4: BLAME -> FEEDBACK: B(✓) L(✓) A(✓) M(x) E(✓)\n'}]","<think>
We now know the exact pattern: B L A _ E and that the missing letter (position 4) is NOT any of: S, T, P, C, D, M.

Common remaining consonants that can sit in position 4: F, G, K, N, R, V, Y, Z (and a few others).

Scanning real five-letter English words that fit B L A ? E:

- BLARE (R)  
- BLAZE (Z)  
- BLASE (S – already excluded)  
- BLAKE (K)  
- BLIVE (not a word)  
- BLYPE (not a word)  
- BLADE (D – already excluded)  
- BLAME (M – already excluded)  

The only strong everyday words left are BLARE, BLAZE, and BLAKE.  
Of these, “BLARE” uses the very common letter R, which has not yet been excluded.

Therefore, the logical next guess is BLARE.
</think>

<guess>BLARE</guess>",BLARE,"We now know the exact pattern: B L A _ E and that the missing letter (position 4) is NOT any of: S, T, P, C, D, M.

Common remaining consonants that can sit in position 4: F, G, K, N, R, V, Y, Z (and a few others).

Scanning real five-letter English words that fit B L A ? E:

- BLARE (R)  
- BLAZE (Z)  
- BLASE (S – already excluded)  
- BLAKE (K)  
- BLIVE (not a word)  
- BLYPE (not a word)  
- BLADE (D – already excluded)  
- BLAME (M – already excluded)  

The only strong everyday words left are BLARE, BLAZE, and BLAKE.  
Of these, “BLARE” uses the very common letter R, which has not yet been excluded.

Therefore, the logical next guess is BLARE.",Guess 5: BLARE -> FEEDBACK: B(✓) L(✓) A(✓) R(x) E(✓),FAIL
moonshotai/Kimi-K2-Instruct,6,blaze,"<|im_system|>system<|im_middle|>### Game Rules:
- You have **6 tries** to guess a secret **5-letter** word.
- Each guess must be a valid **5-letter English word**.
- After each guess, you will receive feedback indicating how close your guess was.

### Feedback Format:
Each letter in your guess will receive one of three symbols:
1. ✓ : The letter is in the word and in the CORRECT position.
2. - : The letter is in the word but in the WRONG position.
3. x : The letter is NOT in the word.

### Example:
Secret Word: BRISK

Guess 1: STORM -> Feedback: S(-) T(x) O(x) R(-) M(x)
Guess 2: BRAVE -> Feedback: B(✓) R(✓) A(x) V(x) E(x)
Guess 3: BRISK -> Feedback: B(✓) R(✓) I(✓) S(✓) K(✓)

### Response Format:
Think through the problem and feedback step by step. Make sure to first add your step-by-step thought process within <think> </think> tags. Then, return your guessed word in the following format: <guess> guessed-word </guess>.
<|im_end|><|im_user|>user<|im_middle|>Make your first 5-letter word guess.<|im_end|><|im_assistant|>assistant<|im_middle|>For my first guess, I want to choose a word that uses common letters and can give me good information about what might be in the secret word. A classic strategy is to use a word with common vowels and consonants. 

Words like ""SLATE,"" ""CRANE,"" or ""AROSE"" are popular first guesses because they contain frequently used letters. I'll choose ""SLATE"" because it has:
- S (very common consonant)
- L (common consonant)
- A (most common vowel)
- T (very common consonant)
- E (most common vowel)

This should give me good coverage of common letters to help narrow down possibilities for the secret word.

<guess>SLATE</guess><|im_end|><|im_user|>user<|im_middle|>Make a new 5-letter word guess.

Here is some previous feedback: 
Guess 1: SLATE -> FEEDBACK: S(x) L(✓) A(✓) T(x) E(✓)
<|im_end|><|im_assistant|>assistant<|im_middle|>From the feedback on SLATE:
- S(x) → S is NOT in the word.
- L(✓) → L is in the word AND in position 2.
- A(✓) → A is in the word AND in position 3.
- T(x) → T is NOT in the word.
- E(✓) → E is in the word AND in position 5.

So the pattern is _ L A _ E, and the letters we know are NOT in the word are S, T.

We need a 5-letter word that:
- Starts with any letter except S or T.
- Has L in position 2.
- Has A in position 3.
- Has E in position 5.
- Does not contain S or T.

Possible letters for positions 1 and 4: Any except S, T.

Looking at common words fitting _ L A _ E:
- PLACE
- GLADE
- CLAVE
- FLAKE
- BLAME
- SLATE (but S is invalid)

I'll choose PLACE as it uses common letters and fits the constraints.
- P is allowed (not S or T).
- L in position 2 (✓)
- A in position 3 (✓)
- C in position 4 (allowed)
- E in position 5 (✓)

PLACE doesn't contain S or T.

<guess>PLACE</guess><|im_end|><|im_user|>user<|im_middle|>Make a new 5-letter word guess.

Here is some previous feedback: 
Guess 1: SLATE -> FEEDBACK: S(x) L(✓) A(✓) T(x) E(✓)
Guess 2: PLACE -> FEEDBACK: P(x) L(✓) A(✓) C(x) E(✓)
<|im_end|><|im_assistant|>assistant<|im_middle|>So far we know:

- Pattern: _ L A _ E  (positions 2, 3, 5 are locked)
- Letters known NOT in the word: S, T, P, C

Remaining unused common consonants for positions 1 and 4: B, D, F, G, H, K, M, N, R, V, W, Y, etc.

We need two letters, one for position 1 and one for position 4, that:
- Are not S, T, P, or C
- Are distinct from each other
- Form a valid English word when placed into _ L A _ E

Scanning possibilities:

- BLADE: but D is in position 4, and BLADE has L in position 2, A in 3, E in 5, and D in 4 (valid). However, B in position 1 and D in 4: BLADE is a valid word.
- FLAKE: K in position 4, F in 1 (but K is allowed, F is allowed)
- GLADE: G in 1, D in 4
- CLAVE: C is already excluded
- SLAVE: S excluded
- PLANE: P excluded
- BLAME: M in 4, B in 1

Among these, BLADE is a strong candidate:
- B is allowed (not in excluded list)
- L in 2 (✓)
- A in 3 (✓)
- D in 4 (allowed)
- E in 5 (✓)

BLADE doesn't contain S, T, P, or C.

Let's try BLADE.

<guess>BLADE</guess><|im_end|><|im_user|>user<|im_middle|>Make a new 5-letter word guess.

Here is some previous feedback: 
Guess 1: SLATE -> FEEDBACK: S(x) L(✓) A(✓) T(x) E(✓)
Guess 2: PLACE -> FEEDBACK: P(x) L(✓) A(✓) C(x) E(✓)
Guess 3: BLADE -> FEEDBACK: B(✓) L(✓) A(✓) D(x) E(✓)
<|im_end|><|im_assistant|>assistant<|im_middle|>Pattern so far: B L A _ E

- Positions 2, 3, 5 are fixed (L, A, E).
- Position 1 is fixed as B (✓).
- Position 4 is still unknown but must be a letter that is NOT:
  – S, T, P, C, D (all ruled out by previous feedback)
- Therefore the word is B L A ? E, where ? is not S, T, P, C, D.

Looking for common 5-letter words that fit B L A _ E:
- BLAME → M is still allowed (not in the excluded list)
- BLAZE → Z is allowed
- BLARE → R is allowed
- BLASE → S is excluded
- BLATE → T is excluded
- BLAKE → K is allowed

Among these, ""BLAME"" uses a very common letter M for the fourth position and is a frequent word.

Check exclusions: M is not in {S, T, P, C, D} → valid.

<guess>BLAME</guess><|im_end|><|im_user|>user<|im_middle|>Make a new 5-letter word guess.

Here is some previous feedback: 
Guess 1: SLATE -> FEEDBACK: S(x) L(✓) A(✓) T(x) E(✓)
Guess 2: PLACE -> FEEDBACK: P(x) L(✓) A(✓) C(x) E(✓)
Guess 3: BLADE -> FEEDBACK: B(✓) L(✓) A(✓) D(x) E(✓)
Guess 4: BLAME -> FEEDBACK: B(✓) L(✓) A(✓) M(x) E(✓)
<|im_end|><|im_assistant|>assistant<|im_middle|>We now know the exact pattern: B L A _ E and that the missing letter (position 4) is NOT any of: S, T, P, C, D, M.

Common remaining consonants that can sit in position 4: F, G, K, N, R, V, Y, Z (and a few others).

Scanning real five-letter English words that fit B L A ? E:

- BLARE (R)  
- BLAZE (Z)  
- BLASE (S – already excluded)  
- BLAKE (K)  
- BLIVE (not a word)  
- BLYPE (not a word)  
- BLADE (D – already excluded)  
- BLAME (M – already excluded)  

The only strong everyday words left are BLARE, BLAZE, and BLAKE.  
Of these, “BLARE” uses the very common letter R, which has not yet been excluded.

Therefore, the logical next guess is BLARE.

<guess>BLARE</guess><|im_end|><|im_user|>user<|im_middle|>Make a new 5-letter word guess.

Here is some previous feedback: 
Guess 1: SLATE -> FEEDBACK: S(x) L(✓) A(✓) T(x) E(✓)
Guess 2: PLACE -> FEEDBACK: P(x) L(✓) A(✓) C(x) E(✓)
Guess 3: BLADE -> FEEDBACK: B(✓) L(✓) A(✓) D(x) E(✓)
Guess 4: BLAME -> FEEDBACK: B(✓) L(✓) A(✓) M(x) E(✓)
Guess 5: BLARE -> FEEDBACK: B(✓) L(✓) A(✓) R(x) E(✓)
<|im_end|><|im_assistant|>assistant<|im_middle|>","[{'role': 'system', 'content': '### Game Rules:\n- You have **6 tries** to guess a secret **5-letter** word.\n- Each guess must be a valid **5-letter English word**.\n- After each guess, you will receive feedback indicating how close your guess was.\n\n### Feedback Format:\nEach letter in your guess will receive one of three symbols:\n1. ✓ : The letter is in the word and in the CORRECT position.\n2. - : The letter is in the word but in the WRONG position.\n3. x : The letter is NOT in the word.\n\n### Example:\nSecret Word: BRISK\n\nGuess 1: STORM -> Feedback: S(-) T(x) O(x) R(-) M(x)\nGuess 2: BRAVE -> Feedback: B(✓) R(✓) A(x) V(x) E(x)\nGuess 3: BRISK -> Feedback: B(✓) R(✓) I(✓) S(✓) K(✓)\n\n### Response Format:\nThink through the problem and feedback step by step. Make sure to first add your step-by-step thought process within <think> </think> tags. Then, return your guessed word in the following format: <guess> guessed-word </guess>.\n'}, {'role': 'user', 'content': 'Make your first 5-letter word guess.'}, {'role': 'assistant', 'content': 'For my first guess, I want to choose a word that uses common letters and can give me good information about what might be in the secret word. A classic strategy is to use a word with common vowels and consonants. \n\nWords like ""SLATE,"" ""CRANE,"" or ""AROSE"" are popular first guesses because they contain frequently used letters. I\'ll choose ""SLATE"" because it has:\n- S (very common consonant)\n- L (common consonant)\n- A (most common vowel)\n- T (very common consonant)\n- E (most common vowel)\n\nThis should give me good coverage of common letters to help narrow down possibilities for the secret word.\n\n<guess>SLATE</guess>'}, {'role': 'user', 'content': 'Make a new 5-letter word guess.\n\nHere is some previous feedback: \nGuess 1: SLATE -> FEEDBACK: S(x) L(✓) A(✓) T(x) E(✓)\n'}, {'role': 'assistant', 'content': ""From the feedback on SLATE:\n- S(x) → S is NOT in the word.\n- L(✓) → L is in the word AND in position 2.\n- A(✓) → A is in the word AND in position 3.\n- T(x) → T is NOT in the word.\n- E(✓) → E is in the word AND in position 5.\n\nSo the pattern is _ L A _ E, and the letters we know are NOT in the word are S, T.\n\nWe need a 5-letter word that:\n- Starts with any letter except S or T.\n- Has L in position 2.\n- Has A in position 3.\n- Has E in position 5.\n- Does not contain S or T.\n\nPossible letters for positions 1 and 4: Any except S, T.\n\nLooking at common words fitting _ L A _ E:\n- PLACE\n- GLADE\n- CLAVE\n- FLAKE\n- BLAME\n- SLATE (but S is invalid)\n\nI'll choose PLACE as it uses common letters and fits the constraints.\n- P is allowed (not S or T).\n- L in position 2 (✓)\n- A in position 3 (✓)\n- C in position 4 (allowed)\n- E in position 5 (✓)\n\nPLACE doesn't contain S or T.\n\n<guess>PLACE</guess>""}, {'role': 'user', 'content': 'Make a new 5-letter word guess.\n\nHere is some previous feedback: \nGuess 1: SLATE -> FEEDBACK: S(x) L(✓) A(✓) T(x) E(✓)\nGuess 2: PLACE -> FEEDBACK: P(x) L(✓) A(✓) C(x) E(✓)\n'}, {'role': 'assistant', 'content': ""So far we know:\n\n- Pattern: _ L A _ E  (positions 2, 3, 5 are locked)\n- Letters known NOT in the word: S, T, P, C\n\nRemaining unused common consonants for positions 1 and 4: B, D, F, G, H, K, M, N, R, V, W, Y, etc.\n\nWe need two letters, one for position 1 and one for position 4, that:\n- Are not S, T, P, or C\n- Are distinct from each other\n- Form a valid English word when placed into _ L A _ E\n\nScanning possibilities:\n\n- BLADE: but D is in position 4, and BLADE has L in position 2, A in 3, E in 5, and D in 4 (valid). However, B in position 1 and D in 4: BLADE is a valid word.\n- FLAKE: K in position 4, F in 1 (but K is allowed, F is allowed)\n- GLADE: G in 1, D in 4\n- CLAVE: C is already excluded\n- SLAVE: S excluded\n- PLANE: P excluded\n- BLAME: M in 4, B in 1\n\nAmong these, BLADE is a strong candidate:\n- B is allowed (not in excluded list)\n- L in 2 (✓)\n- A in 3 (✓)\n- D in 4 (allowed)\n- E in 5 (✓)\n\nBLADE doesn't contain S, T, P, or C.\n\nLet's try BLADE.\n\n<guess>BLADE</guess>""}, {'role': 'user', 'content': 'Make a new 5-letter word guess.\n\nHere is some previous feedback: \nGuess 1: SLATE -> FEEDBACK: S(x) L(✓) A(✓) T(x) E(✓)\nGuess 2: PLACE -> FEEDBACK: P(x) L(✓) A(✓) C(x) E(✓)\nGuess 3: BLADE -> FEEDBACK: B(✓) L(✓) A(✓) D(x) E(✓)\n'}, {'role': 'assistant', 'content': 'Pattern so far: B L A _ E\n\n- Positions 2, 3, 5 are fixed (L, A, E).\n- Position 1 is fixed as B (✓).\n- Position 4 is still unknown but must be a letter that is NOT:\n  – S, T, P, C, D (all ruled out by previous feedback)\n- Therefore the word is B L A ? E, where ? is not S, T, P, C, D.\n\nLooking for common 5-letter words that fit B L A _ E:\n- BLAME → M is still allowed (not in the excluded list)\n- BLAZE → Z is allowed\n- BLARE → R is allowed\n- BLASE → S is excluded\n- BLATE → T is excluded\n- BLAKE → K is allowed\n\nAmong these, ""BLAME"" uses a very common letter M for the fourth position and is a frequent word.\n\nCheck exclusions: M is not in {S, T, P, C, D} → valid.\n\n<guess>BLAME</guess>'}, {'role': 'user', 'content': 'Make a new 5-letter word guess.\n\nHere is some previous feedback: \nGuess 1: SLATE -> FEEDBACK: S(x) L(✓) A(✓) T(x) E(✓)\nGuess 2: PLACE -> FEEDBACK: P(x) L(✓) A(✓) C(x) E(✓)\nGuess 3: BLADE -> FEEDBACK: B(✓) L(✓) A(✓) D(x) E(✓)\nGuess 4: BLAME -> FEEDBACK: B(✓) L(✓) A(✓) M(x) E(✓)\n'}, {'role': 'assistant', 'content': 'We now know the exact pattern: B L A _ E and that the missing letter (position 4) is NOT any of: S, T, P, C, D, M.\n\nCommon remaining consonants that can sit in position 4: F, G, K, N, R, V, Y, Z (and a few others).\n\nScanning real five-letter English words that fit B L A ? E:\n\n- BLARE (R)  \n- BLAZE (Z)  \n- BLASE (S – already excluded)  \n- BLAKE (K)  \n- BLIVE (not a word)  \n- BLYPE (not a word)  \n- BLADE (D – already excluded)  \n- BLAME (M – already excluded)  \n\nThe only strong everyday words left are BLARE, BLAZE, and BLAKE.  \nOf these, “BLARE” uses the very common letter R, which has not yet been excluded.\n\nTherefore, the logical next guess is BLARE.\n\n<guess>BLARE</guess>'}, {'role': 'user', 'content': 'Make a new 5-letter word guess.\n\nHere is some previous feedback: \nGuess 1: SLATE -> FEEDBACK: S(x) L(✓) A(✓) T(x) E(✓)\nGuess 2: PLACE -> FEEDBACK: P(x) L(✓) A(✓) C(x) E(✓)\nGuess 3: BLADE -> FEEDBACK: B(✓) L(✓) A(✓) D(x) E(✓)\nGuess 4: BLAME -> FEEDBACK: B(✓) L(✓) A(✓) M(x) E(✓)\nGuess 5: BLARE -> FEEDBACK: B(✓) L(✓) A(✓) R(x) E(✓)\n'}]","<think>
The pattern is now completely locked in:

B L A _ E

We have tested D, M, R in the fourth position and they were all rejected.  
Letters now ruled out for position 4: S, T, P, C, D, M, R.

Still-available common consonants for that spot: F, G, K, N, V, Y, Z.

Looking for real 5-letter words that fit B L A ? E:

- BLAZE (Z – still allowed)
- BLAKE (K – still allowed)
- BLAVE – not a word
- BLAGE – not a word
- BLYPE – not a word

The two actual everyday words left are BLAZE and BLAKE. Between them, BLAZE uses Z, which has not appeared at all yet, while K has appeared in some previous considerations. Starting with the less common letter keeps us consistent with the process of elimination.

Therefore: BLAZE
</think>

<guess>BLAZE</guess>",BLAZE,"The pattern is now completely locked in:

B L A _ E

We have tested D, M, R in the fourth position and they were all rejected.  
Letters now ruled out for position 4: S, T, P, C, D, M, R.

Still-available common consonants for that spot: F, G, K, N, V, Y, Z.

Looking for real 5-letter words that fit B L A ? E:

- BLAZE (Z – still allowed)
- BLAKE (K – still allowed)
- BLAVE – not a word
- BLAGE – not a word
- BLYPE – not a word

The two actual everyday words left are BLAZE and BLAKE. Between them, BLAZE uses Z, which has not appeared at all yet, while K has appeared in some previous considerations. Starting with the less common letter keeps us consistent with the process of elimination.

Therefore: BLAZE",Guess 6: BLAZE -> FEEDBACK: B(✓) L(✓) A(✓) Z(✓) E(✓),SUCCESS
