model_name,turn,correct_answer,prompt,messages,response,model_answer,model_think,feedback,curr_answer
moonshotai/Kimi-K2-Instruct,1,GROSS,"<|im_system|>system<|im_middle|>### Game Rules:
- You have **6 tries** to guess a secret **5-letter** word.
- Each guess must be a valid **5-letter English word**.
- After each guess, you will receive feedback indicating how close your guess was.

### Feedback Format:
Each letter in your guess will receive one of three symbols:
1. ✓ : The letter is in the word and in the CORRECT position.
2. - : The letter is in the word but in the WRONG position.
3. x : The letter is NOT in the word.

### Example:
Secret Word: BRISK

Guess 1: STORM -> Feedback: S(-) T(x) O(x) R(-) M(x)
Guess 2: BRAVE -> Feedback: B(✓) R(✓) A(x) V(x) E(x)
Guess 3: BRISK -> Feedback: B(✓) R(✓) I(✓) S(✓) K(✓)

### Response Format:
Think through the problem and feedback step by step. Make sure to first add your step-by-step thought process within <think> </think> tags. Then, return your guessed word in the following format: <guess> guessed-word </guess>.
<|im_end|><|im_user|>user<|im_middle|>Make your first 5-letter word guess.<|im_end|><|im_assistant|>assistant<|im_middle|>","[{'role': 'system', 'content': '### Game Rules:\n- You have **6 tries** to guess a secret **5-letter** word.\n- Each guess must be a valid **5-letter English word**.\n- After each guess, you will receive feedback indicating how close your guess was.\n\n### Feedback Format:\nEach letter in your guess will receive one of three symbols:\n1. ✓ : The letter is in the word and in the CORRECT position.\n2. - : The letter is in the word but in the WRONG position.\n3. x : The letter is NOT in the word.\n\n### Example:\nSecret Word: BRISK\n\nGuess 1: STORM -> Feedback: S(-) T(x) O(x) R(-) M(x)\nGuess 2: BRAVE -> Feedback: B(✓) R(✓) A(x) V(x) E(x)\nGuess 3: BRISK -> Feedback: B(✓) R(✓) I(✓) S(✓) K(✓)\n\n### Response Format:\nThink through the problem and feedback step by step. Make sure to first add your step-by-step thought process within <think> </think> tags. Then, return your guessed word in the following format: <guess> guessed-word </guess>.\n'}, {'role': 'user', 'content': 'Make your first 5-letter word guess.'}]","<think>
This is the first guess, so I have no prior feedback to work with. A good strategy is to choose a word that covers common letters and common vowels/consonants to maximize information gain. Words like ""SLATE"", ""CRANE"", ""AUDIO"", or ""RAISE"" are popular opening guesses because they include frequently used letters.

""SLATE"" contains S, L, A, T, E - which covers three vowels (A, E) and three very common consonants (S, T, L). This should give good feedback about letter presence and positions.
</think>

<guess> SLATE </guess>",SLATE,"This is the first guess, so I have no prior feedback to work with. A good strategy is to choose a word that covers common letters and common vowels/consonants to maximize information gain. Words like ""SLATE"", ""CRANE"", ""AUDIO"", or ""RAISE"" are popular opening guesses because they include frequently used letters.

""SLATE"" contains S, L, A, T, E - which covers three vowels (A, E) and three very common consonants (S, T, L). This should give good feedback about letter presence and positions.",Guess 1: SLATE -> FEEDBACK: S(-) L(x) A(x) T(x) E(x),FAIL
moonshotai/Kimi-K2-Instruct,2,GROSS,"<|im_system|>system<|im_middle|>### Game Rules:
- You have **6 tries** to guess a secret **5-letter** word.
- Each guess must be a valid **5-letter English word**.
- After each guess, you will receive feedback indicating how close your guess was.

### Feedback Format:
Each letter in your guess will receive one of three symbols:
1. ✓ : The letter is in the word and in the CORRECT position.
2. - : The letter is in the word but in the WRONG position.
3. x : The letter is NOT in the word.

### Example:
Secret Word: BRISK

Guess 1: STORM -> Feedback: S(-) T(x) O(x) R(-) M(x)
Guess 2: BRAVE -> Feedback: B(✓) R(✓) A(x) V(x) E(x)
Guess 3: BRISK -> Feedback: B(✓) R(✓) I(✓) S(✓) K(✓)

### Response Format:
Think through the problem and feedback step by step. Make sure to first add your step-by-step thought process within <think> </think> tags. Then, return your guessed word in the following format: <guess> guessed-word </guess>.
<|im_end|><|im_user|>user<|im_middle|>Make your first 5-letter word guess.<|im_end|><|im_assistant|>assistant<|im_middle|>This is the first guess, so I have no prior feedback to work with. A good strategy is to choose a word that covers common letters and common vowels/consonants to maximize information gain. Words like ""SLATE"", ""CRANE"", ""AUDIO"", or ""RAISE"" are popular opening guesses because they include frequently used letters.

""SLATE"" contains S, L, A, T, E - which covers three vowels (A, E) and three very common consonants (S, T, L). This should give good feedback about letter presence and positions.

<guess>SLATE</guess><|im_end|><|im_user|>user<|im_middle|>Make a new 5-letter word guess.

Here is some previous feedback: 
Guess 1: SLATE -> FEEDBACK: S(-) L(x) A(x) T(x) E(x)
<|im_end|><|im_assistant|>assistant<|im_middle|>","[{'role': 'system', 'content': '### Game Rules:\n- You have **6 tries** to guess a secret **5-letter** word.\n- Each guess must be a valid **5-letter English word**.\n- After each guess, you will receive feedback indicating how close your guess was.\n\n### Feedback Format:\nEach letter in your guess will receive one of three symbols:\n1. ✓ : The letter is in the word and in the CORRECT position.\n2. - : The letter is in the word but in the WRONG position.\n3. x : The letter is NOT in the word.\n\n### Example:\nSecret Word: BRISK\n\nGuess 1: STORM -> Feedback: S(-) T(x) O(x) R(-) M(x)\nGuess 2: BRAVE -> Feedback: B(✓) R(✓) A(x) V(x) E(x)\nGuess 3: BRISK -> Feedback: B(✓) R(✓) I(✓) S(✓) K(✓)\n\n### Response Format:\nThink through the problem and feedback step by step. Make sure to first add your step-by-step thought process within <think> </think> tags. Then, return your guessed word in the following format: <guess> guessed-word </guess>.\n'}, {'role': 'user', 'content': 'Make your first 5-letter word guess.'}, {'role': 'assistant', 'content': 'This is the first guess, so I have no prior feedback to work with. A good strategy is to choose a word that covers common letters and common vowels/consonants to maximize information gain. Words like ""SLATE"", ""CRANE"", ""AUDIO"", or ""RAISE"" are popular opening guesses because they include frequently used letters.\n\n""SLATE"" contains S, L, A, T, E - which covers three vowels (A, E) and three very common consonants (S, T, L). This should give good feedback about letter presence and positions.\n\n<guess>SLATE</guess>'}, {'role': 'user', 'content': 'Make a new 5-letter word guess.\n\nHere is some previous feedback: \nGuess 1: SLATE -> FEEDBACK: S(-) L(x) A(x) T(x) E(x)\n'}]","<think>
From the feedback on SLATE:
- S is in the word but in the wrong position (it was first letter, so it must appear in positions 2-5).
- L, A, T, E are NOT in the word at all.

So we know the word has an S somewhere (positions 2-5) and does not contain L, A, T, E.

We need a new 5-letter word that:
1. Contains S (but not as the first letter).
2. Does not contain L, A, T, E.

A good next step is to pick a word that keeps S but introduces other common letters to narrow down possibilities. Common remaining consonants are R, N, D, M, etc., and the remaining vowels are I, O, U.

Let me think of a word meeting these criteria... ""DRINK"" contains D, R, I, N, K - all not ruled out yet. But it doesn't have S. We need a word with S.

""SNORT"" has S (first letter, but we know S must be 2-5), so skip.

""SONIC"" has S in the first position, also bad.

""ROADS"" has S in the 5th position - that works! It also uses R, O, D - none of which were ruled out.

Let's check ROADS:
- R: new letter
- O: new vowel
- A: was ruled out in SLATE, so can't use ROADS (contains A)

Oops, ROADS has A which was ruled out. Need to avoid A.

""WINDS"" - has I, N, D, S. S is in 5th position. No A, E, L, T.

""POINT"" - but no S.

""SPURN"" - has S in first position, bad.

""CRISP"" - has S in 4th position. Uses C, R, I, P - none ruled out. This looks good.

CRISP:
- C: new
- R: new
- I: new vowel
- S: in 4th position (allowed since S must be 2-5)
- P: new

No letters from the banned set (L, A, T, E), and includes S in a valid position.
</think>

<guess>CRISP</guess>",CRISP,"From the feedback on SLATE:
- S is in the word but in the wrong position (it was first letter, so it must appear in positions 2-5).
- L, A, T, E are NOT in the word at all.

So we know the word has an S somewhere (positions 2-5) and does not contain L, A, T, E.

We need a new 5-letter word that:
1. Contains S (but not as the first letter).
2. Does not contain L, A, T, E.

A good next step is to pick a word that keeps S but introduces other common letters to narrow down possibilities. Common remaining consonants are R, N, D, M, etc., and the remaining vowels are I, O, U.

Let me think of a word meeting these criteria... ""DRINK"" contains D, R, I, N, K - all not ruled out yet. But it doesn't have S. We need a word with S.

""SNORT"" has S (first letter, but we know S must be 2-5), so skip.

""SONIC"" has S in the first position, also bad.

""ROADS"" has S in the 5th position - that works! It also uses R, O, D - none of which were ruled out.

Let's check ROADS:
- R: new letter
- O: new vowel
- A: was ruled out in SLATE, so can't use ROADS (contains A)

Oops, ROADS has A which was ruled out. Need to avoid A.

""WINDS"" - has I, N, D, S. S is in 5th position. No A, E, L, T.

""POINT"" - but no S.

""SPURN"" - has S in first position, bad.

""CRISP"" - has S in 4th position. Uses C, R, I, P - none ruled out. This looks good.

CRISP:
- C: new
- R: new
- I: new vowel
- S: in 4th position (allowed since S must be 2-5)
- P: new

No letters from the banned set (L, A, T, E), and includes S in a valid position.",Guess 2: CRISP -> FEEDBACK: C(x) R(✓) I(x) S(✓) P(x),FAIL
moonshotai/Kimi-K2-Instruct,3,GROSS,"<|im_system|>system<|im_middle|>### Game Rules:
- You have **6 tries** to guess a secret **5-letter** word.
- Each guess must be a valid **5-letter English word**.
- After each guess, you will receive feedback indicating how close your guess was.

### Feedback Format:
Each letter in your guess will receive one of three symbols:
1. ✓ : The letter is in the word and in the CORRECT position.
2. - : The letter is in the word but in the WRONG position.
3. x : The letter is NOT in the word.

### Example:
Secret Word: BRISK

Guess 1: STORM -> Feedback: S(-) T(x) O(x) R(-) M(x)
Guess 2: BRAVE -> Feedback: B(✓) R(✓) A(x) V(x) E(x)
Guess 3: BRISK -> Feedback: B(✓) R(✓) I(✓) S(✓) K(✓)

### Response Format:
Think through the problem and feedback step by step. Make sure to first add your step-by-step thought process within <think> </think> tags. Then, return your guessed word in the following format: <guess> guessed-word </guess>.
<|im_end|><|im_user|>user<|im_middle|>Make your first 5-letter word guess.<|im_end|><|im_assistant|>assistant<|im_middle|>This is the first guess, so I have no prior feedback to work with. A good strategy is to choose a word that covers common letters and common vowels/consonants to maximize information gain. Words like ""SLATE"", ""CRANE"", ""AUDIO"", or ""RAISE"" are popular opening guesses because they include frequently used letters.

""SLATE"" contains S, L, A, T, E - which covers three vowels (A, E) and three very common consonants (S, T, L). This should give good feedback about letter presence and positions.

<guess>SLATE</guess><|im_end|><|im_user|>user<|im_middle|>Make a new 5-letter word guess.

Here is some previous feedback: 
Guess 1: SLATE -> FEEDBACK: S(-) L(x) A(x) T(x) E(x)
<|im_end|><|im_assistant|>assistant<|im_middle|>From the feedback on SLATE:
- S is in the word but in the wrong position (it was first letter, so it must appear in positions 2-5).
- L, A, T, E are NOT in the word at all.

So we know the word has an S somewhere (positions 2-5) and does not contain L, A, T, E.

We need a new 5-letter word that:
1. Contains S (but not as the first letter).
2. Does not contain L, A, T, E.

A good next step is to pick a word that keeps S but introduces other common letters to narrow down possibilities. Common remaining consonants are R, N, D, M, etc., and the remaining vowels are I, O, U.

Let me think of a word meeting these criteria... ""DRINK"" contains D, R, I, N, K - all not ruled out yet. But it doesn't have S. We need a word with S.

""SNORT"" has S (first letter, but we know S must be 2-5), so skip.

""SONIC"" has S in the first position, also bad.

""ROADS"" has S in the 5th position - that works! It also uses R, O, D - none of which were ruled out.

Let's check ROADS:
- R: new letter
- O: new vowel
- A: was ruled out in SLATE, so can't use ROADS (contains A)

Oops, ROADS has A which was ruled out. Need to avoid A.

""WINDS"" - has I, N, D, S. S is in 5th position. No A, E, L, T.

""POINT"" - but no S.

""SPURN"" - has S in first position, bad.

""CRISP"" - has S in 4th position. Uses C, R, I, P - none ruled out. This looks good.

CRISP:
- C: new
- R: new
- I: new vowel
- S: in 4th position (allowed since S must be 2-5)
- P: new

No letters from the banned set (L, A, T, E), and includes S in a valid position.

<guess>CRISP</guess><|im_end|><|im_user|>user<|im_middle|>Make a new 5-letter word guess.

Here is some previous feedback: 
Guess 1: SLATE -> FEEDBACK: S(-) L(x) A(x) T(x) E(x)
Guess 2: CRISP -> FEEDBACK: C(x) R(✓) I(x) S(✓) P(x)
<|im_end|><|im_assistant|>assistant<|im_middle|>","[{'role': 'system', 'content': '### Game Rules:\n- You have **6 tries** to guess a secret **5-letter** word.\n- Each guess must be a valid **5-letter English word**.\n- After each guess, you will receive feedback indicating how close your guess was.\n\n### Feedback Format:\nEach letter in your guess will receive one of three symbols:\n1. ✓ : The letter is in the word and in the CORRECT position.\n2. - : The letter is in the word but in the WRONG position.\n3. x : The letter is NOT in the word.\n\n### Example:\nSecret Word: BRISK\n\nGuess 1: STORM -> Feedback: S(-) T(x) O(x) R(-) M(x)\nGuess 2: BRAVE -> Feedback: B(✓) R(✓) A(x) V(x) E(x)\nGuess 3: BRISK -> Feedback: B(✓) R(✓) I(✓) S(✓) K(✓)\n\n### Response Format:\nThink through the problem and feedback step by step. Make sure to first add your step-by-step thought process within <think> </think> tags. Then, return your guessed word in the following format: <guess> guessed-word </guess>.\n'}, {'role': 'user', 'content': 'Make your first 5-letter word guess.'}, {'role': 'assistant', 'content': 'This is the first guess, so I have no prior feedback to work with. A good strategy is to choose a word that covers common letters and common vowels/consonants to maximize information gain. Words like ""SLATE"", ""CRANE"", ""AUDIO"", or ""RAISE"" are popular opening guesses because they include frequently used letters.\n\n""SLATE"" contains S, L, A, T, E - which covers three vowels (A, E) and three very common consonants (S, T, L). This should give good feedback about letter presence and positions.\n\n<guess>SLATE</guess>'}, {'role': 'user', 'content': 'Make a new 5-letter word guess.\n\nHere is some previous feedback: \nGuess 1: SLATE -> FEEDBACK: S(-) L(x) A(x) T(x) E(x)\n'}, {'role': 'assistant', 'content': 'From the feedback on SLATE:\n- S is in the word but in the wrong position (it was first letter, so it must appear in positions 2-5).\n- L, A, T, E are NOT in the word at all.\n\nSo we know the word has an S somewhere (positions 2-5) and does not contain L, A, T, E.\n\nWe need a new 5-letter word that:\n1. Contains S (but not as the first letter).\n2. Does not contain L, A, T, E.\n\nA good next step is to pick a word that keeps S but introduces other common letters to narrow down possibilities. Common remaining consonants are R, N, D, M, etc., and the remaining vowels are I, O, U.\n\nLet me think of a word meeting these criteria... ""DRINK"" contains D, R, I, N, K - all not ruled out yet. But it doesn\'t have S. We need a word with S.\n\n""SNORT"" has S (first letter, but we know S must be 2-5), so skip.\n\n""SONIC"" has S in the first position, also bad.\n\n""ROADS"" has S in the 5th position - that works! It also uses R, O, D - none of which were ruled out.\n\nLet\'s check ROADS:\n- R: new letter\n- O: new vowel\n- A: was ruled out in SLATE, so can\'t use ROADS (contains A)\n\nOops, ROADS has A which was ruled out. Need to avoid A.\n\n""WINDS"" - has I, N, D, S. S is in 5th position. No A, E, L, T.\n\n""POINT"" - but no S.\n\n""SPURN"" - has S in first position, bad.\n\n""CRISP"" - has S in 4th position. Uses C, R, I, P - none ruled out. This looks good.\n\nCRISP:\n- C: new\n- R: new\n- I: new vowel\n- S: in 4th position (allowed since S must be 2-5)\n- P: new\n\nNo letters from the banned set (L, A, T, E), and includes S in a valid position.\n\n<guess>CRISP</guess>'}, {'role': 'user', 'content': 'Make a new 5-letter word guess.\n\nHere is some previous feedback: \nGuess 1: SLATE -> FEEDBACK: S(-) L(x) A(x) T(x) E(x)\nGuess 2: CRISP -> FEEDBACK: C(x) R(✓) I(x) S(✓) P(x)\n'}]","<think>
From the two rounds of feedback we now know:

1. Letters NOT in the word: C, L, A, T, E, I, P  
2. Letters known to be in the word: R and S  
   - R is in position 2 (✓)  
   - S is in the word but NOT in position 4 (it showed up as “-” in SLATE and “✓” in position 4 in CRISP, but the “-” on S in SLATE means it is somewhere in the word but not originally in position 1).  
   Wait – let’s reconcile this carefully:

   - SLATE: S(-) → S is in the word, but NOT in position 1.  
   - CRISP: S(✓) → S is in position 4.  

   So S is in position 4.  
   R is in position 2.

Current constraints:
- Word looks like: _ R _ S _
- Letters eliminated so far: C, L, A, T, E, I, P.
Remaining vowels: O, U (since A, E, I are out).
Remaining consonants: common ones left are B, D, F, G, H, K, M, N, Q, V, W, X, Y, Z.

We need three more letters for positions 1, 3, 5, using allowed letters.

A good strategy is to pick a word that satisfies the known pattern and tests new common letters.

Pattern: _ R _ S _

Try to use common letters: N, D, O, U, etc.

Some candidates:
- B R O S N → BROS N? Not a word.  
- B R O S S → BROSS – not common.  
- D R O S S → DROSS – valid word.  
  D, R, O, S, S – uses S twice but we already have S in position 4, and we can repeat letters freely unless ruled out.  
- F R O S T → FROST – but T is eliminated.  
- G R O S S → GROSS – S is repeated.  
- H R O S _ → HROS_ – no.  
- N R O S _ → NROS_ – no.  
- M R O S _ → MROS_ – no.  
- B R U S H → BRUSH – uses B, R, U, S, H.  
  Pattern: B R U S H → _ R _ S _ → positions: 1=B, 2=R, 3=U, 4=S, 5=H.  
  All letters are allowed (not in eliminated list).  
  Let me check if B, U, H are allowed: yes, not eliminated.

So BRUSH fits the pattern and tests new letters B, U, H.

Let me confirm:
- Position 2 is R (known ✓).  
- Position 4 is S (known ✓).  
- B, U, H are new letters not yet tested.

This seems optimal.

Alternate check:  
Other pattern-fitting words: DROSS, GROSS, BRUSH, TRUSS – but T is out.  
DROSS has two S’s – allowed but repeating S.  
GROSS similar.  
BRUSH introduces three new letters (B, U, H), which gives more information.

Hence I choose BRUSH.
</think>

<guess>BRUSH</guess>",BRUSH,"From the two rounds of feedback we now know:

1. Letters NOT in the word: C, L, A, T, E, I, P  
2. Letters known to be in the word: R and S  
   - R is in position 2 (✓)  
   - S is in the word but NOT in position 4 (it showed up as “-” in SLATE and “✓” in position 4 in CRISP, but the “-” on S in SLATE means it is somewhere in the word but not originally in position 1).  
   Wait – let’s reconcile this carefully:

   - SLATE: S(-) → S is in the word, but NOT in position 1.  
   - CRISP: S(✓) → S is in position 4.  

   So S is in position 4.  
   R is in position 2.

Current constraints:
- Word looks like: _ R _ S _
- Letters eliminated so far: C, L, A, T, E, I, P.
Remaining vowels: O, U (since A, E, I are out).
Remaining consonants: common ones left are B, D, F, G, H, K, M, N, Q, V, W, X, Y, Z.

We need three more letters for positions 1, 3, 5, using allowed letters.

A good strategy is to pick a word that satisfies the known pattern and tests new common letters.

Pattern: _ R _ S _

Try to use common letters: N, D, O, U, etc.

Some candidates:
- B R O S N → BROS N? Not a word.  
- B R O S S → BROSS – not common.  
- D R O S S → DROSS – valid word.  
  D, R, O, S, S – uses S twice but we already have S in position 4, and we can repeat letters freely unless ruled out.  
- F R O S T → FROST – but T is eliminated.  
- G R O S S → GROSS – S is repeated.  
- H R O S _ → HROS_ – no.  
- N R O S _ → NROS_ – no.  
- M R O S _ → MROS_ – no.  
- B R U S H → BRUSH – uses B, R, U, S, H.  
  Pattern: B R U S H → _ R _ S _ → positions: 1=B, 2=R, 3=U, 4=S, 5=H.  
  All letters are allowed (not in eliminated list).  
  Let me check if B, U, H are allowed: yes, not eliminated.

So BRUSH fits the pattern and tests new letters B, U, H.

Let me confirm:
- Position 2 is R (known ✓).  
- Position 4 is S (known ✓).  
- B, U, H are new letters not yet tested.

This seems optimal.

Alternate check:  
Other pattern-fitting words: DROSS, GROSS, BRUSH, TRUSS – but T is out.  
DROSS has two S’s – allowed but repeating S.  
GROSS similar.  
BRUSH introduces three new letters (B, U, H), which gives more information.

Hence I choose BRUSH.",Guess 3: BRUSH -> FEEDBACK: B(x) R(✓) U(x) S(✓) H(x),FAIL
moonshotai/Kimi-K2-Instruct,4,GROSS,"<|im_system|>system<|im_middle|>### Game Rules:
- You have **6 tries** to guess a secret **5-letter** word.
- Each guess must be a valid **5-letter English word**.
- After each guess, you will receive feedback indicating how close your guess was.

### Feedback Format:
Each letter in your guess will receive one of three symbols:
1. ✓ : The letter is in the word and in the CORRECT position.
2. - : The letter is in the word but in the WRONG position.
3. x : The letter is NOT in the word.

### Example:
Secret Word: BRISK

Guess 1: STORM -> Feedback: S(-) T(x) O(x) R(-) M(x)
Guess 2: BRAVE -> Feedback: B(✓) R(✓) A(x) V(x) E(x)
Guess 3: BRISK -> Feedback: B(✓) R(✓) I(✓) S(✓) K(✓)

### Response Format:
Think through the problem and feedback step by step. Make sure to first add your step-by-step thought process within <think> </think> tags. Then, return your guessed word in the following format: <guess> guessed-word </guess>.
<|im_end|><|im_user|>user<|im_middle|>Make your first 5-letter word guess.<|im_end|><|im_assistant|>assistant<|im_middle|>This is the first guess, so I have no prior feedback to work with. A good strategy is to choose a word that covers common letters and common vowels/consonants to maximize information gain. Words like ""SLATE"", ""CRANE"", ""AUDIO"", or ""RAISE"" are popular opening guesses because they include frequently used letters.

""SLATE"" contains S, L, A, T, E - which covers three vowels (A, E) and three very common consonants (S, T, L). This should give good feedback about letter presence and positions.

<guess>SLATE</guess><|im_end|><|im_user|>user<|im_middle|>Make a new 5-letter word guess.

Here is some previous feedback: 
Guess 1: SLATE -> FEEDBACK: S(-) L(x) A(x) T(x) E(x)
<|im_end|><|im_assistant|>assistant<|im_middle|>From the feedback on SLATE:
- S is in the word but in the wrong position (it was first letter, so it must appear in positions 2-5).
- L, A, T, E are NOT in the word at all.

So we know the word has an S somewhere (positions 2-5) and does not contain L, A, T, E.

We need a new 5-letter word that:
1. Contains S (but not as the first letter).
2. Does not contain L, A, T, E.

A good next step is to pick a word that keeps S but introduces other common letters to narrow down possibilities. Common remaining consonants are R, N, D, M, etc., and the remaining vowels are I, O, U.

Let me think of a word meeting these criteria... ""DRINK"" contains D, R, I, N, K - all not ruled out yet. But it doesn't have S. We need a word with S.

""SNORT"" has S (first letter, but we know S must be 2-5), so skip.

""SONIC"" has S in the first position, also bad.

""ROADS"" has S in the 5th position - that works! It also uses R, O, D - none of which were ruled out.

Let's check ROADS:
- R: new letter
- O: new vowel
- A: was ruled out in SLATE, so can't use ROADS (contains A)

Oops, ROADS has A which was ruled out. Need to avoid A.

""WINDS"" - has I, N, D, S. S is in 5th position. No A, E, L, T.

""POINT"" - but no S.

""SPURN"" - has S in first position, bad.

""CRISP"" - has S in 4th position. Uses C, R, I, P - none ruled out. This looks good.

CRISP:
- C: new
- R: new
- I: new vowel
- S: in 4th position (allowed since S must be 2-5)
- P: new

No letters from the banned set (L, A, T, E), and includes S in a valid position.

<guess>CRISP</guess><|im_end|><|im_user|>user<|im_middle|>Make a new 5-letter word guess.

Here is some previous feedback: 
Guess 1: SLATE -> FEEDBACK: S(-) L(x) A(x) T(x) E(x)
Guess 2: CRISP -> FEEDBACK: C(x) R(✓) I(x) S(✓) P(x)
<|im_end|><|im_assistant|>assistant<|im_middle|>From the two rounds of feedback we now know:

1. Letters NOT in the word: C, L, A, T, E, I, P  
2. Letters known to be in the word: R and S  
   - R is in position 2 (✓)  
   - S is in the word but NOT in position 4 (it showed up as “-” in SLATE and “✓” in position 4 in CRISP, but the “-” on S in SLATE means it is somewhere in the word but not originally in position 1).  
   Wait – let’s reconcile this carefully:

   - SLATE: S(-) → S is in the word, but NOT in position 1.  
   - CRISP: S(✓) → S is in position 4.  

   So S is in position 4.  
   R is in position 2.

Current constraints:
- Word looks like: _ R _ S _
- Letters eliminated so far: C, L, A, T, E, I, P.
Remaining vowels: O, U (since A, E, I are out).
Remaining consonants: common ones left are B, D, F, G, H, K, M, N, Q, V, W, X, Y, Z.

We need three more letters for positions 1, 3, 5, using allowed letters.

A good strategy is to pick a word that satisfies the known pattern and tests new common letters.

Pattern: _ R _ S _

Try to use common letters: N, D, O, U, etc.

Some candidates:
- B R O S N → BROS N? Not a word.  
- B R O S S → BROSS – not common.  
- D R O S S → DROSS – valid word.  
  D, R, O, S, S – uses S twice but we already have S in position 4, and we can repeat letters freely unless ruled out.  
- F R O S T → FROST – but T is eliminated.  
- G R O S S → GROSS – S is repeated.  
- H R O S _ → HROS_ – no.  
- N R O S _ → NROS_ – no.  
- M R O S _ → MROS_ – no.  
- B R U S H → BRUSH – uses B, R, U, S, H.  
  Pattern: B R U S H → _ R _ S _ → positions: 1=B, 2=R, 3=U, 4=S, 5=H.  
  All letters are allowed (not in eliminated list).  
  Let me check if B, U, H are allowed: yes, not eliminated.

So BRUSH fits the pattern and tests new letters B, U, H.

Let me confirm:
- Position 2 is R (known ✓).  
- Position 4 is S (known ✓).  
- B, U, H are new letters not yet tested.

This seems optimal.

Alternate check:  
Other pattern-fitting words: DROSS, GROSS, BRUSH, TRUSS – but T is out.  
DROSS has two S’s – allowed but repeating S.  
GROSS similar.  
BRUSH introduces three new letters (B, U, H), which gives more information.

Hence I choose BRUSH.

<guess>BRUSH</guess><|im_end|><|im_user|>user<|im_middle|>Make a new 5-letter word guess.

Here is some previous feedback: 
Guess 1: SLATE -> FEEDBACK: S(-) L(x) A(x) T(x) E(x)
Guess 2: CRISP -> FEEDBACK: C(x) R(✓) I(x) S(✓) P(x)
Guess 3: BRUSH -> FEEDBACK: B(x) R(✓) U(x) S(✓) H(x)
<|im_end|><|im_assistant|>assistant<|im_middle|>","[{'role': 'system', 'content': '### Game Rules:\n- You have **6 tries** to guess a secret **5-letter** word.\n- Each guess must be a valid **5-letter English word**.\n- After each guess, you will receive feedback indicating how close your guess was.\n\n### Feedback Format:\nEach letter in your guess will receive one of three symbols:\n1. ✓ : The letter is in the word and in the CORRECT position.\n2. - : The letter is in the word but in the WRONG position.\n3. x : The letter is NOT in the word.\n\n### Example:\nSecret Word: BRISK\n\nGuess 1: STORM -> Feedback: S(-) T(x) O(x) R(-) M(x)\nGuess 2: BRAVE -> Feedback: B(✓) R(✓) A(x) V(x) E(x)\nGuess 3: BRISK -> Feedback: B(✓) R(✓) I(✓) S(✓) K(✓)\n\n### Response Format:\nThink through the problem and feedback step by step. Make sure to first add your step-by-step thought process within <think> </think> tags. Then, return your guessed word in the following format: <guess> guessed-word </guess>.\n'}, {'role': 'user', 'content': 'Make your first 5-letter word guess.'}, {'role': 'assistant', 'content': 'This is the first guess, so I have no prior feedback to work with. A good strategy is to choose a word that covers common letters and common vowels/consonants to maximize information gain. Words like ""SLATE"", ""CRANE"", ""AUDIO"", or ""RAISE"" are popular opening guesses because they include frequently used letters.\n\n""SLATE"" contains S, L, A, T, E - which covers three vowels (A, E) and three very common consonants (S, T, L). This should give good feedback about letter presence and positions.\n\n<guess>SLATE</guess>'}, {'role': 'user', 'content': 'Make a new 5-letter word guess.\n\nHere is some previous feedback: \nGuess 1: SLATE -> FEEDBACK: S(-) L(x) A(x) T(x) E(x)\n'}, {'role': 'assistant', 'content': 'From the feedback on SLATE:\n- S is in the word but in the wrong position (it was first letter, so it must appear in positions 2-5).\n- L, A, T, E are NOT in the word at all.\n\nSo we know the word has an S somewhere (positions 2-5) and does not contain L, A, T, E.\n\nWe need a new 5-letter word that:\n1. Contains S (but not as the first letter).\n2. Does not contain L, A, T, E.\n\nA good next step is to pick a word that keeps S but introduces other common letters to narrow down possibilities. Common remaining consonants are R, N, D, M, etc., and the remaining vowels are I, O, U.\n\nLet me think of a word meeting these criteria... ""DRINK"" contains D, R, I, N, K - all not ruled out yet. But it doesn\'t have S. We need a word with S.\n\n""SNORT"" has S (first letter, but we know S must be 2-5), so skip.\n\n""SONIC"" has S in the first position, also bad.\n\n""ROADS"" has S in the 5th position - that works! It also uses R, O, D - none of which were ruled out.\n\nLet\'s check ROADS:\n- R: new letter\n- O: new vowel\n- A: was ruled out in SLATE, so can\'t use ROADS (contains A)\n\nOops, ROADS has A which was ruled out. Need to avoid A.\n\n""WINDS"" - has I, N, D, S. S is in 5th position. No A, E, L, T.\n\n""POINT"" - but no S.\n\n""SPURN"" - has S in first position, bad.\n\n""CRISP"" - has S in 4th position. Uses C, R, I, P - none ruled out. This looks good.\n\nCRISP:\n- C: new\n- R: new\n- I: new vowel\n- S: in 4th position (allowed since S must be 2-5)\n- P: new\n\nNo letters from the banned set (L, A, T, E), and includes S in a valid position.\n\n<guess>CRISP</guess>'}, {'role': 'user', 'content': 'Make a new 5-letter word guess.\n\nHere is some previous feedback: \nGuess 1: SLATE -> FEEDBACK: S(-) L(x) A(x) T(x) E(x)\nGuess 2: CRISP -> FEEDBACK: C(x) R(✓) I(x) S(✓) P(x)\n'}, {'role': 'assistant', 'content': 'From the two rounds of feedback we now know:\n\n1. Letters NOT in the word: C, L, A, T, E, I, P  \n2. Letters known to be in the word: R and S  \n   - R is in position 2 (✓)  \n   - S is in the word but NOT in position 4 (it showed up as “-” in SLATE and “✓” in position 4 in CRISP, but the “-” on S in SLATE means it is somewhere in the word but not originally in position 1).  \n   Wait – let’s reconcile this carefully:\n\n   - SLATE: S(-) → S is in the word, but NOT in position 1.  \n   - CRISP: S(✓) → S is in position 4.  \n\n   So S is in position 4.  \n   R is in position 2.\n\nCurrent constraints:\n- Word looks like: _ R _ S _\n- Letters eliminated so far: C, L, A, T, E, I, P.\nRemaining vowels: O, U (since A, E, I are out).\nRemaining consonants: common ones left are B, D, F, G, H, K, M, N, Q, V, W, X, Y, Z.\n\nWe need three more letters for positions 1, 3, 5, using allowed letters.\n\nA good strategy is to pick a word that satisfies the known pattern and tests new common letters.\n\nPattern: _ R _ S _\n\nTry to use common letters: N, D, O, U, etc.\n\nSome candidates:\n- B R O S N → BROS N? Not a word.  \n- B R O S S → BROSS – not common.  \n- D R O S S → DROSS – valid word.  \n  D, R, O, S, S – uses S twice but we already have S in position 4, and we can repeat letters freely unless ruled out.  \n- F R O S T → FROST – but T is eliminated.  \n- G R O S S → GROSS – S is repeated.  \n- H R O S _ → HROS_ – no.  \n- N R O S _ → NROS_ – no.  \n- M R O S _ → MROS_ – no.  \n- B R U S H → BRUSH – uses B, R, U, S, H.  \n  Pattern: B R U S H → _ R _ S _ → positions: 1=B, 2=R, 3=U, 4=S, 5=H.  \n  All letters are allowed (not in eliminated list).  \n  Let me check if B, U, H are allowed: yes, not eliminated.\n\nSo BRUSH fits the pattern and tests new letters B, U, H.\n\nLet me confirm:\n- Position 2 is R (known ✓).  \n- Position 4 is S (known ✓).  \n- B, U, H are new letters not yet tested.\n\nThis seems optimal.\n\nAlternate check:  \nOther pattern-fitting words: DROSS, GROSS, BRUSH, TRUSS – but T is out.  \nDROSS has two S’s – allowed but repeating S.  \nGROSS similar.  \nBRUSH introduces three new letters (B, U, H), which gives more information.\n\nHence I choose BRUSH.\n\n<guess>BRUSH</guess>'}, {'role': 'user', 'content': 'Make a new 5-letter word guess.\n\nHere is some previous feedback: \nGuess 1: SLATE -> FEEDBACK: S(-) L(x) A(x) T(x) E(x)\nGuess 2: CRISP -> FEEDBACK: C(x) R(✓) I(x) S(✓) P(x)\nGuess 3: BRUSH -> FEEDBACK: B(x) R(✓) U(x) S(✓) H(x)\n'}]","<think>
From the three rounds of feedback we now know:

Letters known to be in the word AND in fixed positions:
- R is in position 2
- S is in position 4

Letters ruled out so far:
- From SLATE: L, A, T, E
- From CRISP: C, I, P
- From BRUSH: B, U, H

So the word looks like: _ R _ S _

Letters still allowed (not crossed out):  
Vowels: O (only remaining possible vowel)  
Consonants: D, F, G, K, M, N, Q, V, W, X, Y, Z

We must fill positions 1, 3, 5 with letters from the allowed list and we already have R and S fixed.

Looking for common, valid English words that fit _ R _ S _ with the remaining letters:

- D R O S S → DROSS (but S already fixed at position 4, and repeating S at position 5 is allowed; however DROSS is a valid word)
- F R O S T → FROST (but T is eliminated)
- G R O S S → GROSS (valid, but S at 5 repeats)
- K R O S S → KROSS (not a standard word)
- N R O S _ → no common words
- M R O S _ → no common words
- D R O S S → DROSS seems the most plausible with remaining letters.

Let me check: DROSS = D, R, O, S, S
- D: new letter, not ruled out
- R: position 2, correct
- O: new vowel, not ruled out
- S: position 4, correct
- S: position 5, allowed to repeat

Alternatively, FROST is invalid (T out), GROSS is valid but uses O and S again. DROSS introduces new letters D and O.

Thus DROSS is the most information-rich valid word fitting the pattern.
</think>

<guess>DROSS</guess>",DROSS,"From the three rounds of feedback we now know:

Letters known to be in the word AND in fixed positions:
- R is in position 2
- S is in position 4

Letters ruled out so far:
- From SLATE: L, A, T, E
- From CRISP: C, I, P
- From BRUSH: B, U, H

So the word looks like: _ R _ S _

Letters still allowed (not crossed out):  
Vowels: O (only remaining possible vowel)  
Consonants: D, F, G, K, M, N, Q, V, W, X, Y, Z

We must fill positions 1, 3, 5 with letters from the allowed list and we already have R and S fixed.

Looking for common, valid English words that fit _ R _ S _ with the remaining letters:

- D R O S S → DROSS (but S already fixed at position 4, and repeating S at position 5 is allowed; however DROSS is a valid word)
- F R O S T → FROST (but T is eliminated)
- G R O S S → GROSS (valid, but S at 5 repeats)
- K R O S S → KROSS (not a standard word)
- N R O S _ → no common words
- M R O S _ → no common words
- D R O S S → DROSS seems the most plausible with remaining letters.

Let me check: DROSS = D, R, O, S, S
- D: new letter, not ruled out
- R: position 2, correct
- O: new vowel, not ruled out
- S: position 4, correct
- S: position 5, allowed to repeat

Alternatively, FROST is invalid (T out), GROSS is valid but uses O and S again. DROSS introduces new letters D and O.

Thus DROSS is the most information-rich valid word fitting the pattern.",Guess 4: DROSS -> FEEDBACK: D(x) R(✓) O(✓) S(✓) S(✓),FAIL
moonshotai/Kimi-K2-Instruct,5,GROSS,"<|im_system|>system<|im_middle|>### Game Rules:
- You have **6 tries** to guess a secret **5-letter** word.
- Each guess must be a valid **5-letter English word**.
- After each guess, you will receive feedback indicating how close your guess was.

### Feedback Format:
Each letter in your guess will receive one of three symbols:
1. ✓ : The letter is in the word and in the CORRECT position.
2. - : The letter is in the word but in the WRONG position.
3. x : The letter is NOT in the word.

### Example:
Secret Word: BRISK

Guess 1: STORM -> Feedback: S(-) T(x) O(x) R(-) M(x)
Guess 2: BRAVE -> Feedback: B(✓) R(✓) A(x) V(x) E(x)
Guess 3: BRISK -> Feedback: B(✓) R(✓) I(✓) S(✓) K(✓)

### Response Format:
Think through the problem and feedback step by step. Make sure to first add your step-by-step thought process within <think> </think> tags. Then, return your guessed word in the following format: <guess> guessed-word </guess>.
<|im_end|><|im_user|>user<|im_middle|>Make your first 5-letter word guess.<|im_end|><|im_assistant|>assistant<|im_middle|>This is the first guess, so I have no prior feedback to work with. A good strategy is to choose a word that covers common letters and common vowels/consonants to maximize information gain. Words like ""SLATE"", ""CRANE"", ""AUDIO"", or ""RAISE"" are popular opening guesses because they include frequently used letters.

""SLATE"" contains S, L, A, T, E - which covers three vowels (A, E) and three very common consonants (S, T, L). This should give good feedback about letter presence and positions.

<guess>SLATE</guess><|im_end|><|im_user|>user<|im_middle|>Make a new 5-letter word guess.

Here is some previous feedback: 
Guess 1: SLATE -> FEEDBACK: S(-) L(x) A(x) T(x) E(x)
<|im_end|><|im_assistant|>assistant<|im_middle|>From the feedback on SLATE:
- S is in the word but in the wrong position (it was first letter, so it must appear in positions 2-5).
- L, A, T, E are NOT in the word at all.

So we know the word has an S somewhere (positions 2-5) and does not contain L, A, T, E.

We need a new 5-letter word that:
1. Contains S (but not as the first letter).
2. Does not contain L, A, T, E.

A good next step is to pick a word that keeps S but introduces other common letters to narrow down possibilities. Common remaining consonants are R, N, D, M, etc., and the remaining vowels are I, O, U.

Let me think of a word meeting these criteria... ""DRINK"" contains D, R, I, N, K - all not ruled out yet. But it doesn't have S. We need a word with S.

""SNORT"" has S (first letter, but we know S must be 2-5), so skip.

""SONIC"" has S in the first position, also bad.

""ROADS"" has S in the 5th position - that works! It also uses R, O, D - none of which were ruled out.

Let's check ROADS:
- R: new letter
- O: new vowel
- A: was ruled out in SLATE, so can't use ROADS (contains A)

Oops, ROADS has A which was ruled out. Need to avoid A.

""WINDS"" - has I, N, D, S. S is in 5th position. No A, E, L, T.

""POINT"" - but no S.

""SPURN"" - has S in first position, bad.

""CRISP"" - has S in 4th position. Uses C, R, I, P - none ruled out. This looks good.

CRISP:
- C: new
- R: new
- I: new vowel
- S: in 4th position (allowed since S must be 2-5)
- P: new

No letters from the banned set (L, A, T, E), and includes S in a valid position.

<guess>CRISP</guess><|im_end|><|im_user|>user<|im_middle|>Make a new 5-letter word guess.

Here is some previous feedback: 
Guess 1: SLATE -> FEEDBACK: S(-) L(x) A(x) T(x) E(x)
Guess 2: CRISP -> FEEDBACK: C(x) R(✓) I(x) S(✓) P(x)
<|im_end|><|im_assistant|>assistant<|im_middle|>From the two rounds of feedback we now know:

1. Letters NOT in the word: C, L, A, T, E, I, P  
2. Letters known to be in the word: R and S  
   - R is in position 2 (✓)  
   - S is in the word but NOT in position 4 (it showed up as “-” in SLATE and “✓” in position 4 in CRISP, but the “-” on S in SLATE means it is somewhere in the word but not originally in position 1).  
   Wait – let’s reconcile this carefully:

   - SLATE: S(-) → S is in the word, but NOT in position 1.  
   - CRISP: S(✓) → S is in position 4.  

   So S is in position 4.  
   R is in position 2.

Current constraints:
- Word looks like: _ R _ S _
- Letters eliminated so far: C, L, A, T, E, I, P.
Remaining vowels: O, U (since A, E, I are out).
Remaining consonants: common ones left are B, D, F, G, H, K, M, N, Q, V, W, X, Y, Z.

We need three more letters for positions 1, 3, 5, using allowed letters.

A good strategy is to pick a word that satisfies the known pattern and tests new common letters.

Pattern: _ R _ S _

Try to use common letters: N, D, O, U, etc.

Some candidates:
- B R O S N → BROS N? Not a word.  
- B R O S S → BROSS – not common.  
- D R O S S → DROSS – valid word.  
  D, R, O, S, S – uses S twice but we already have S in position 4, and we can repeat letters freely unless ruled out.  
- F R O S T → FROST – but T is eliminated.  
- G R O S S → GROSS – S is repeated.  
- H R O S _ → HROS_ – no.  
- N R O S _ → NROS_ – no.  
- M R O S _ → MROS_ – no.  
- B R U S H → BRUSH – uses B, R, U, S, H.  
  Pattern: B R U S H → _ R _ S _ → positions: 1=B, 2=R, 3=U, 4=S, 5=H.  
  All letters are allowed (not in eliminated list).  
  Let me check if B, U, H are allowed: yes, not eliminated.

So BRUSH fits the pattern and tests new letters B, U, H.

Let me confirm:
- Position 2 is R (known ✓).  
- Position 4 is S (known ✓).  
- B, U, H are new letters not yet tested.

This seems optimal.

Alternate check:  
Other pattern-fitting words: DROSS, GROSS, BRUSH, TRUSS – but T is out.  
DROSS has two S’s – allowed but repeating S.  
GROSS similar.  
BRUSH introduces three new letters (B, U, H), which gives more information.

Hence I choose BRUSH.

<guess>BRUSH</guess><|im_end|><|im_user|>user<|im_middle|>Make a new 5-letter word guess.

Here is some previous feedback: 
Guess 1: SLATE -> FEEDBACK: S(-) L(x) A(x) T(x) E(x)
Guess 2: CRISP -> FEEDBACK: C(x) R(✓) I(x) S(✓) P(x)
Guess 3: BRUSH -> FEEDBACK: B(x) R(✓) U(x) S(✓) H(x)
<|im_end|><|im_assistant|>assistant<|im_middle|>From the three rounds of feedback we now know:

Letters known to be in the word AND in fixed positions:
- R is in position 2
- S is in position 4

Letters ruled out so far:
- From SLATE: L, A, T, E
- From CRISP: C, I, P
- From BRUSH: B, U, H

So the word looks like: _ R _ S _

Letters still allowed (not crossed out):  
Vowels: O (only remaining possible vowel)  
Consonants: D, F, G, K, M, N, Q, V, W, X, Y, Z

We must fill positions 1, 3, 5 with letters from the allowed list and we already have R and S fixed.

Looking for common, valid English words that fit _ R _ S _ with the remaining letters:

- D R O S S → DROSS (but S already fixed at position 4, and repeating S at position 5 is allowed; however DROSS is a valid word)
- F R O S T → FROST (but T is eliminated)
- G R O S S → GROSS (valid, but S at 5 repeats)
- K R O S S → KROSS (not a standard word)
- N R O S _ → no common words
- M R O S _ → no common words
- D R O S S → DROSS seems the most plausible with remaining letters.

Let me check: DROSS = D, R, O, S, S
- D: new letter, not ruled out
- R: position 2, correct
- O: new vowel, not ruled out
- S: position 4, correct
- S: position 5, allowed to repeat

Alternatively, FROST is invalid (T out), GROSS is valid but uses O and S again. DROSS introduces new letters D and O.

Thus DROSS is the most information-rich valid word fitting the pattern.

<guess>DROSS</guess><|im_end|><|im_user|>user<|im_middle|>Make a new 5-letter word guess.

Here is some previous feedback: 
Guess 1: SLATE -> FEEDBACK: S(-) L(x) A(x) T(x) E(x)
Guess 2: CRISP -> FEEDBACK: C(x) R(✓) I(x) S(✓) P(x)
Guess 3: BRUSH -> FEEDBACK: B(x) R(✓) U(x) S(✓) H(x)
Guess 4: DROSS -> FEEDBACK: D(x) R(✓) O(✓) S(✓) S(✓)
<|im_end|><|im_assistant|>assistant<|im_middle|>","[{'role': 'system', 'content': '### Game Rules:\n- You have **6 tries** to guess a secret **5-letter** word.\n- Each guess must be a valid **5-letter English word**.\n- After each guess, you will receive feedback indicating how close your guess was.\n\n### Feedback Format:\nEach letter in your guess will receive one of three symbols:\n1. ✓ : The letter is in the word and in the CORRECT position.\n2. - : The letter is in the word but in the WRONG position.\n3. x : The letter is NOT in the word.\n\n### Example:\nSecret Word: BRISK\n\nGuess 1: STORM -> Feedback: S(-) T(x) O(x) R(-) M(x)\nGuess 2: BRAVE -> Feedback: B(✓) R(✓) A(x) V(x) E(x)\nGuess 3: BRISK -> Feedback: B(✓) R(✓) I(✓) S(✓) K(✓)\n\n### Response Format:\nThink through the problem and feedback step by step. Make sure to first add your step-by-step thought process within <think> </think> tags. Then, return your guessed word in the following format: <guess> guessed-word </guess>.\n'}, {'role': 'user', 'content': 'Make your first 5-letter word guess.'}, {'role': 'assistant', 'content': 'This is the first guess, so I have no prior feedback to work with. A good strategy is to choose a word that covers common letters and common vowels/consonants to maximize information gain. Words like ""SLATE"", ""CRANE"", ""AUDIO"", or ""RAISE"" are popular opening guesses because they include frequently used letters.\n\n""SLATE"" contains S, L, A, T, E - which covers three vowels (A, E) and three very common consonants (S, T, L). This should give good feedback about letter presence and positions.\n\n<guess>SLATE</guess>'}, {'role': 'user', 'content': 'Make a new 5-letter word guess.\n\nHere is some previous feedback: \nGuess 1: SLATE -> FEEDBACK: S(-) L(x) A(x) T(x) E(x)\n'}, {'role': 'assistant', 'content': 'From the feedback on SLATE:\n- S is in the word but in the wrong position (it was first letter, so it must appear in positions 2-5).\n- L, A, T, E are NOT in the word at all.\n\nSo we know the word has an S somewhere (positions 2-5) and does not contain L, A, T, E.\n\nWe need a new 5-letter word that:\n1. Contains S (but not as the first letter).\n2. Does not contain L, A, T, E.\n\nA good next step is to pick a word that keeps S but introduces other common letters to narrow down possibilities. Common remaining consonants are R, N, D, M, etc., and the remaining vowels are I, O, U.\n\nLet me think of a word meeting these criteria... ""DRINK"" contains D, R, I, N, K - all not ruled out yet. But it doesn\'t have S. We need a word with S.\n\n""SNORT"" has S (first letter, but we know S must be 2-5), so skip.\n\n""SONIC"" has S in the first position, also bad.\n\n""ROADS"" has S in the 5th position - that works! It also uses R, O, D - none of which were ruled out.\n\nLet\'s check ROADS:\n- R: new letter\n- O: new vowel\n- A: was ruled out in SLATE, so can\'t use ROADS (contains A)\n\nOops, ROADS has A which was ruled out. Need to avoid A.\n\n""WINDS"" - has I, N, D, S. S is in 5th position. No A, E, L, T.\n\n""POINT"" - but no S.\n\n""SPURN"" - has S in first position, bad.\n\n""CRISP"" - has S in 4th position. Uses C, R, I, P - none ruled out. This looks good.\n\nCRISP:\n- C: new\n- R: new\n- I: new vowel\n- S: in 4th position (allowed since S must be 2-5)\n- P: new\n\nNo letters from the banned set (L, A, T, E), and includes S in a valid position.\n\n<guess>CRISP</guess>'}, {'role': 'user', 'content': 'Make a new 5-letter word guess.\n\nHere is some previous feedback: \nGuess 1: SLATE -> FEEDBACK: S(-) L(x) A(x) T(x) E(x)\nGuess 2: CRISP -> FEEDBACK: C(x) R(✓) I(x) S(✓) P(x)\n'}, {'role': 'assistant', 'content': 'From the two rounds of feedback we now know:\n\n1. Letters NOT in the word: C, L, A, T, E, I, P  \n2. Letters known to be in the word: R and S  \n   - R is in position 2 (✓)  \n   - S is in the word but NOT in position 4 (it showed up as “-” in SLATE and “✓” in position 4 in CRISP, but the “-” on S in SLATE means it is somewhere in the word but not originally in position 1).  \n   Wait – let’s reconcile this carefully:\n\n   - SLATE: S(-) → S is in the word, but NOT in position 1.  \n   - CRISP: S(✓) → S is in position 4.  \n\n   So S is in position 4.  \n   R is in position 2.\n\nCurrent constraints:\n- Word looks like: _ R _ S _\n- Letters eliminated so far: C, L, A, T, E, I, P.\nRemaining vowels: O, U (since A, E, I are out).\nRemaining consonants: common ones left are B, D, F, G, H, K, M, N, Q, V, W, X, Y, Z.\n\nWe need three more letters for positions 1, 3, 5, using allowed letters.\n\nA good strategy is to pick a word that satisfies the known pattern and tests new common letters.\n\nPattern: _ R _ S _\n\nTry to use common letters: N, D, O, U, etc.\n\nSome candidates:\n- B R O S N → BROS N? Not a word.  \n- B R O S S → BROSS – not common.  \n- D R O S S → DROSS – valid word.  \n  D, R, O, S, S – uses S twice but we already have S in position 4, and we can repeat letters freely unless ruled out.  \n- F R O S T → FROST – but T is eliminated.  \n- G R O S S → GROSS – S is repeated.  \n- H R O S _ → HROS_ – no.  \n- N R O S _ → NROS_ – no.  \n- M R O S _ → MROS_ – no.  \n- B R U S H → BRUSH – uses B, R, U, S, H.  \n  Pattern: B R U S H → _ R _ S _ → positions: 1=B, 2=R, 3=U, 4=S, 5=H.  \n  All letters are allowed (not in eliminated list).  \n  Let me check if B, U, H are allowed: yes, not eliminated.\n\nSo BRUSH fits the pattern and tests new letters B, U, H.\n\nLet me confirm:\n- Position 2 is R (known ✓).  \n- Position 4 is S (known ✓).  \n- B, U, H are new letters not yet tested.\n\nThis seems optimal.\n\nAlternate check:  \nOther pattern-fitting words: DROSS, GROSS, BRUSH, TRUSS – but T is out.  \nDROSS has two S’s – allowed but repeating S.  \nGROSS similar.  \nBRUSH introduces three new letters (B, U, H), which gives more information.\n\nHence I choose BRUSH.\n\n<guess>BRUSH</guess>'}, {'role': 'user', 'content': 'Make a new 5-letter word guess.\n\nHere is some previous feedback: \nGuess 1: SLATE -> FEEDBACK: S(-) L(x) A(x) T(x) E(x)\nGuess 2: CRISP -> FEEDBACK: C(x) R(✓) I(x) S(✓) P(x)\nGuess 3: BRUSH -> FEEDBACK: B(x) R(✓) U(x) S(✓) H(x)\n'}, {'role': 'assistant', 'content': 'From the three rounds of feedback we now know:\n\nLetters known to be in the word AND in fixed positions:\n- R is in position 2\n- S is in position 4\n\nLetters ruled out so far:\n- From SLATE: L, A, T, E\n- From CRISP: C, I, P\n- From BRUSH: B, U, H\n\nSo the word looks like: _ R _ S _\n\nLetters still allowed (not crossed out):  \nVowels: O (only remaining possible vowel)  \nConsonants: D, F, G, K, M, N, Q, V, W, X, Y, Z\n\nWe must fill positions 1, 3, 5 with letters from the allowed list and we already have R and S fixed.\n\nLooking for common, valid English words that fit _ R _ S _ with the remaining letters:\n\n- D R O S S → DROSS (but S already fixed at position 4, and repeating S at position 5 is allowed; however DROSS is a valid word)\n- F R O S T → FROST (but T is eliminated)\n- G R O S S → GROSS (valid, but S at 5 repeats)\n- K R O S S → KROSS (not a standard word)\n- N R O S _ → no common words\n- M R O S _ → no common words\n- D R O S S → DROSS seems the most plausible with remaining letters.\n\nLet me check: DROSS = D, R, O, S, S\n- D: new letter, not ruled out\n- R: position 2, correct\n- O: new vowel, not ruled out\n- S: position 4, correct\n- S: position 5, allowed to repeat\n\nAlternatively, FROST is invalid (T out), GROSS is valid but uses O and S again. DROSS introduces new letters D and O.\n\nThus DROSS is the most information-rich valid word fitting the pattern.\n\n<guess>DROSS</guess>'}, {'role': 'user', 'content': 'Make a new 5-letter word guess.\n\nHere is some previous feedback: \nGuess 1: SLATE -> FEEDBACK: S(-) L(x) A(x) T(x) E(x)\nGuess 2: CRISP -> FEEDBACK: C(x) R(✓) I(x) S(✓) P(x)\nGuess 3: BRUSH -> FEEDBACK: B(x) R(✓) U(x) S(✓) H(x)\nGuess 4: DROSS -> FEEDBACK: D(x) R(✓) O(✓) S(✓) S(✓)\n'}]","<think>
From Guess 4 (DROSS) we now know:

Position 2: R ✓  
Position 3: O ✓  
Position 4: S ✓  
Position 5: S ✓  

So the word pattern is: _ R O S S

Letters ruled out so far:  
C, L, A, T, E, I, P, B, U, H, D  

Allowed letters for the first position:  
Consonants or vowels not yet eliminated. Remaining common consonants: F, G, K, M, N, V, W, Y, etc.

We need a valid 5-letter word of the form ?ROSS.

Common English words:
- FROSS – not standard  
- GROSS – G is not eliminated  
- KROSS – not standard  
- MROSS – not a word  
- NROSS – not a word  
- PROSS – P is eliminated  
- VROSS – not a word  

Only GROSS is a valid standard word fitting the pattern with letters not ruled out.
</think>

<guess>GROSS</guess>",GROSS,"From Guess 4 (DROSS) we now know:

Position 2: R ✓  
Position 3: O ✓  
Position 4: S ✓  
Position 5: S ✓  

So the word pattern is: _ R O S S

Letters ruled out so far:  
C, L, A, T, E, I, P, B, U, H, D  

Allowed letters for the first position:  
Consonants or vowels not yet eliminated. Remaining common consonants: F, G, K, M, N, V, W, Y, etc.

We need a valid 5-letter word of the form ?ROSS.

Common English words:
- FROSS – not standard  
- GROSS – G is not eliminated  
- KROSS – not standard  
- MROSS – not a word  
- NROSS – not a word  
- PROSS – P is eliminated  
- VROSS – not a word  

Only GROSS is a valid standard word fitting the pattern with letters not ruled out.",Guess 5: GROSS -> FEEDBACK: G(✓) R(✓) O(✓) S(✓) S(✓),SUCCESS
