model_name,turn,correct_answer,prompt,messages,response,model_answer,model_think,feedback,curr_answer
openai/gpt-oss-120b,1,beard,"<|start|>system<|message|>You are ChatGPT, a large language model trained by OpenAI.
Knowledge cutoff: 2024-06
Current date: 2025-08-05

Reasoning: medium

# Valid channels: analysis, commentary, final. Channel must be included for every message.<|end|><|start|>developer<|message|># Instructions

### Game Rules:
- You have **6 tries** to guess a secret **5-letter** word.
- Each guess must be a valid **5-letter English word**.
- After each guess, you will receive feedback indicating how close your guess was.

### Feedback Format:
Each letter in your guess will receive one of three symbols:
1. ✓ : The letter is in the word and in the CORRECT position.
2. - : The letter is in the word but in the WRONG position.
3. x : The letter is NOT in the word.

### Example:
Secret Word: BRISK

Guess 1: STORM -> Feedback: S(-) T(x) O(x) R(-) M(x)
Guess 2: BRAVE -> Feedback: B(✓) R(✓) A(x) V(x) E(x)
Guess 3: BRISK -> Feedback: B(✓) R(✓) I(✓) S(✓) K(✓)

### Response Format:
Think through the problem and feedback step by step. Make sure to first add your step-by-step thought process within <think> </think> tags. Then, return your guessed word in the following format: <guess> guessed-word </guess>.
<|end|><|start|>user<|message|>Make your first 5-letter word guess.<|end|><|start|>assistant","[{'role': 'system', 'content': '### Game Rules:\n- You have **6 tries** to guess a secret **5-letter** word.\n- Each guess must be a valid **5-letter English word**.\n- After each guess, you will receive feedback indicating how close your guess was.\n\n### Feedback Format:\nEach letter in your guess will receive one of three symbols:\n1. ✓ : The letter is in the word and in the CORRECT position.\n2. - : The letter is in the word but in the WRONG position.\n3. x : The letter is NOT in the word.\n\n### Example:\nSecret Word: BRISK\n\nGuess 1: STORM -> Feedback: S(-) T(x) O(x) R(-) M(x)\nGuess 2: BRAVE -> Feedback: B(✓) R(✓) A(x) V(x) E(x)\nGuess 3: BRISK -> Feedback: B(✓) R(✓) I(✓) S(✓) K(✓)\n\n### Response Format:\nThink through the problem and feedback step by step. Make sure to first add your step-by-step thought process within <think> </think> tags. Then, return your guessed word in the following format: <guess> guessed-word </guess>.\n'}, {'role': 'user', 'content': 'Make your first 5-letter word guess.'}]","<think>
I need to start with a common, information‑rich word that contains a mix of frequent consonants and vowels. ""CRANE"" is a popular starter in Wordle‑type games because it tests the common letters C, R, N, and the two most frequent vowels A and E. This should give me a good spread of feedback for the next steps.
</think>
<guess>CRANE</guess>",CRANE,"I need to start with a common, information‑rich word that contains a mix of frequent consonants and vowels. ""CRANE"" is a popular starter in Wordle‑type games because it tests the common letters C, R, N, and the two most frequent vowels A and E. This should give me a good spread of feedback for the next steps.",Guess 1: CRANE -> FEEDBACK: C(x) R(-) A(✓) N(x) E(-),FAIL
openai/gpt-oss-120b,2,beard,"<|start|>system<|message|>You are ChatGPT, a large language model trained by OpenAI.
Knowledge cutoff: 2024-06
Current date: 2025-08-05

Reasoning: medium

# Valid channels: analysis, commentary, final. Channel must be included for every message.<|end|><|start|>developer<|message|># Instructions

### Game Rules:
- You have **6 tries** to guess a secret **5-letter** word.
- Each guess must be a valid **5-letter English word**.
- After each guess, you will receive feedback indicating how close your guess was.

### Feedback Format:
Each letter in your guess will receive one of three symbols:
1. ✓ : The letter is in the word and in the CORRECT position.
2. - : The letter is in the word but in the WRONG position.
3. x : The letter is NOT in the word.

### Example:
Secret Word: BRISK

Guess 1: STORM -> Feedback: S(-) T(x) O(x) R(-) M(x)
Guess 2: BRAVE -> Feedback: B(✓) R(✓) A(x) V(x) E(x)
Guess 3: BRISK -> Feedback: B(✓) R(✓) I(✓) S(✓) K(✓)

### Response Format:
Think through the problem and feedback step by step. Make sure to first add your step-by-step thought process within <think> </think> tags. Then, return your guessed word in the following format: <guess> guessed-word </guess>.
<|end|><|start|>user<|message|>Make your first 5-letter word guess.<|end|><|start|>assistant<|channel|>final<|message|>I need to start with a common, information‑rich word that contains a mix of frequent consonants and vowels. ""CRANE"" is a popular starter in Wordle‑type games because it tests the common letters C, R, N, and the two most frequent vowels A and E. This should give me a good spread of feedback for the next steps.

<guess>CRANE</guess><|end|><|start|>user<|message|>Make a new 5-letter word guess.

Here is some previous feedback: 
Guess 1: CRANE -> FEEDBACK: C(x) R(-) A(✓) N(x) E(-)
<|end|><|start|>assistant","[{'role': 'system', 'content': '### Game Rules:\n- You have **6 tries** to guess a secret **5-letter** word.\n- Each guess must be a valid **5-letter English word**.\n- After each guess, you will receive feedback indicating how close your guess was.\n\n### Feedback Format:\nEach letter in your guess will receive one of three symbols:\n1. ✓ : The letter is in the word and in the CORRECT position.\n2. - : The letter is in the word but in the WRONG position.\n3. x : The letter is NOT in the word.\n\n### Example:\nSecret Word: BRISK\n\nGuess 1: STORM -> Feedback: S(-) T(x) O(x) R(-) M(x)\nGuess 2: BRAVE -> Feedback: B(✓) R(✓) A(x) V(x) E(x)\nGuess 3: BRISK -> Feedback: B(✓) R(✓) I(✓) S(✓) K(✓)\n\n### Response Format:\nThink through the problem and feedback step by step. Make sure to first add your step-by-step thought process within <think> </think> tags. Then, return your guessed word in the following format: <guess> guessed-word </guess>.\n'}, {'role': 'user', 'content': 'Make your first 5-letter word guess.'}, {'role': 'assistant', 'content': 'I need to start with a common, information‑rich word that contains a mix of frequent consonants and vowels. ""CRANE"" is a popular starter in Wordle‑type games because it tests the common letters C, R, N, and the two most frequent vowels A and E. This should give me a good spread of feedback for the next steps.\n\n<guess>CRANE</guess>'}, {'role': 'user', 'content': 'Make a new 5-letter word guess.\n\nHere is some previous feedback: \nGuess 1: CRANE -> FEEDBACK: C(x) R(-) A(✓) N(x) E(-)\n'}]","<think>
From the first guess CRANE we have:
- C is not in the word.
- R is in the word but not in position 2.
- A is correct in position 3.
- N is not in the word.
- E is in the word but not in position 5.

Thus the secret word looks like: _ _ A _ _  
Positions:
1 – could be any letter except C, N.
2 – cannot be R, can be E (since E is present and not at 5).
3 – A (fixed).
4 – could be R (since R not in position 2).
5 – cannot be E.

A word that fits these constraints and includes both R and E is **BEARD** (B‑E‑A‑R‑D). It places E at position 2, R at position 4, respects all the known exclusions, and keeps A at position 3.
</think>
<guess>BEARD</guess>",BEARD,"From the first guess CRANE we have:
- C is not in the word.
- R is in the word but not in position 2.
- A is correct in position 3.
- N is not in the word.
- E is in the word but not in position 5.

Thus the secret word looks like: _ _ A _ _  
Positions:
1 – could be any letter except C, N.
2 – cannot be R, can be E (since E is present and not at 5).
3 – A (fixed).
4 – could be R (since R not in position 2).
5 – cannot be E.

A word that fits these constraints and includes both R and E is **BEARD** (B‑E‑A‑R‑D). It places E at position 2, R at position 4, respects all the known exclusions, and keeps A at position 3.",Guess 2: BEARD -> FEEDBACK: B(✓) E(✓) A(✓) R(✓) D(✓),SUCCESS
